-0.76
0.30
4.38
-1.04
1.33
-0.47
-1.11
0.42
2.84
-0.55
-0.96
-3.09
0.05
-0.38
-1.35
0.17
-3.59
-3.76
-3.49
-1.58
-0.66
-3.52
-3.64
-3.32
-3.13
6.62
-3.42
-1.85
-2.39
5.51
8.29
-3.16
-0.53
-1.05
-2.10
-3.54
-2.74
-1.02
-3.34
6.71
0.02
-1.59
-1.82
-1.10
-2.57
-2.11
7.59
7.24
-3.27
-3.01
-1.45
-0.04
6.53
-3.05
-2.29
6.38
8.84
-0.57
2.75
-1.73
-1.18
7.98
1.91
-0.84
-2.71
-0.38
-3.36
2.23
2.89
3.68
0.92
3.44
2.20
-0.82
1.85
1.66
0.87
1.46
2.98
2.02
0.89
1.45
-0.16
2.32
3.24
2.71
-1.21
3.00
0.58
4.16
1.30
2.37
-0.24
-2.49
2.35
2.17
2.62
4.05
3.03
4.25
2.86
6.06
-0.49
3.56
2.11
1.76
3.58
3.84
1.41
0.01
0.20
4.61
0.63
3.03
1.91
3.26
0.03
4.11
2.24
-0.33
-1.35
2.16
0.93
0.62
3.06
1.04
1.09
1.70
1.75
5.28
2.11
1.47
-0.12
2.08
0.75
4.47
4.64
2.22
2.97
-0.70
1.19
4.58
2.26
3.06
-0.72
4.62
-0.27
5.48
0.24
-0.16
-2.31
1.95
1.24
1.14
1.80
2.70
1.54
-0.13
3.16
5.95
3.00
2.27
-0.64
1.29
-0.38
2.98
4.66
-0.26
0.04
0.82
3.21
1.81
-1.41
5.29
-2.70
2.69
4.02
3.16
3.95
-0.52
3.81
2.66
1.65
3.19
0.99
2.91
3.31
2.78
-0.86
-0.02
2.69
-1.42
-0.20
4.30
-0.55
1.87
6.86
4.72
3.53
1.27
1.87
2.16
2.54
2.25
0.51
4.02
1.20
0.67
3.04
5.10
-1.15
2.63
2.34
-1.91
1.69
4.25
-0.12
-1.83
0.89
4.14
3.61
0.57
0.23
4.36
1.66
-0.71
5.51
2.98
5.89
3.09
4.65
0.00
2.02
0.07
2.06
2.14
1.24
3.71
-0.36
1.74
6.16
0.04
2.09
1.49
3.10
0.25
-1.82
4.39
1.87
3.67
0.98
-0.12
2.90
3.25
-1.40
-2.12
2.90
1.06
5.12
1.44
3.53
4.93
2.72
3.27
2.17
-1.05
2.22
3.13
2.89
1.21
2.67
4.13
-0.69
0.78
1.04
1.20
5.75
3.41
3.69
1.76
3.58
0.57
4.12
-0.93
2.71
3.63
0.97
-0.19
2.23
3.63
0.87
3.18
2.94
2.25
-3.55
2.95
2.18
1.72
0.88
0.81
1.78
2.20
-1.14
4.63
3.10
1.47
0.63
2.19
3.15
0.13
4.14
-1.71
1.07
0.53
3.94
-0.45
4.67
5.02
1.83
-1.72
-1.21
4.15
1.26
0.14
-0.81
1.93
2.78
1.41
1.15
0.55
2.84
3.17
3.93
1.15
-2.81
-0.45
2.90
4.80
0.63
1.93
4.53
5.20
5.02
3.41
-1.96
1.18
3.97
2.66
-0.97
2.82
2.42
7.29
7.25
4.09
3.04
2.43
2.01
4.72
5.18
3.28
-3.22
-0.43
5.45
3.99
-0.38
1.27
3.19
7.50
0.20
2.43
0.85
1.95
-2.30
4.71
0.14
2.50
-0.10
4.35
1.04
3.10
2.55
2.81
0.44
3.70
4.24
3.91
2.31
2.14
4.95
1.15
2.87
1.11
-2.69
3.75
-0.40
3.22
1.31
0.17
1.05
2.99
5.66
3.21
4.87
-0.47
3.79
6.42
-1.63
3.13
0.76
1.64
2.32
-0.50
0.02
-1.92
-0.57
0.36
5.65
4.65
3.36
1.14
2.82
-0.58
-3.13
2.57
2.13
1.37
4.84
1.53
-1.46
-2.03
2.10
2.20
1.87
2.96
3.43
-2.30
4.18
0.66
3.65
2.26
-0.91
2.10
3.41
0.56
0.55
5.19
-1.58
4.22
3.03
2.19
3.87
3.30
2.55
0.53
-0.84
1.13
2.64
3.32
-3.26
1.65
-2.90
0.19
0.70
4.98
4.98
3.69
2.37
2.53
2.47
-1.16
0.10
-0.72
-0.99
2.93
0.36
1.73
3.05
3.08
0.61
3.42
2.95
2.96
1.32
3.21
5.28
1.88
-0.59
3.65
2.30
4.83
0.15
4.25
3.55
0.90
-0.40
3.47
0.84
3.36
4.34
4.40
2.99
3.89
-2.89
0.29
2.68
2.25
-1.34
0.32
9.31
3.28
0.15
2.07
3.99
5.92
6.70
-1.21
4.51
-0.19
2.95
-0.09
4.11
-2.82
4.06
6.08
-0.73
-0.46
-0.98
4.44
4.16
4.03
2.68
3.13
-1.79
1.63
5.23
2.44
1.91
0.41
1.74
1.27
-0.82
1.17
1.26
0.25
2.15
2.44
1.39
5.93
3.43
1.10
4.50
5.93
3.04
-0.66
2.41
3.89
-2.98
0.86
-2.49
1.35
2.17
0.54
3.81
1.52
2.91
2.64
1.68
2.71
2.95
1.60
0.03
3.99
1.67
1.85
-0.20
2.07
2.77
3.05
3.40
-1.29
0.26
0.90
3.57
2.05
2.51
3.10
2.18
2.72
1.49
3.67
0.16
2.10
-1.23
0.41
2.83
-1.91
4.67
1.25
2.71
1.12
2.47
3.82
3.34
-3.04
3.27
4.96
1.66
5.59
1.32
0.85
2.83
1.79
-2.68
0.92
2.01
1.75
0.93
1.40
3.03
3.39
1.87
2.53
1.50
2.30
1.11
5.66
6.77
2.41
3.84
-0.56
-0.69
3.94
-0.38
2.81
-1.91
-1.16
2.49
3.99
2.82
3.04
-0.50
2.67
0.73
0.44
1.78
1.76
4.53
2.90
0.95
1.20
-0.89
2.66
3.57
4.58
0.41
-0.95
3.29
0.56
0.79
3.05
4.69
0.62
2.92
5.12
2.05
-1.64
5.15
2.39
3.52
2.20
0.22
5.82
2.15
0.08
2.97
2.52
1.42
4.28
-1.92
2.81
4.12
2.28
3.86
-0.32
1.85
3.81
-0.39
2.36
4.09
3.88
3.99
0.35
2.68
-3.46
1.25
-0.86
2.63
1.45
4.87
0.61
0.85
5.33
3.63
4.44
3.22
2.73
1.40
2.97
2.01
4.14
2.00
7.39
2.02
0.01
2.20
1.95
4.15
-0.32
1.00
-1.00
3.29
-2.85
1.46
5.51
3.81
-1.70
1.66
3.11
2.18
0.79
3.19
3.72
2.59
1.53
2.09
-0.50
3.16
0.55
5.23
2.20
0.76
4.56
3.57
4.85
2.71
-0.80
0.41
1.39
6.08
0.87
-0.75
0.13
2.15
3.44
1.31
2.64
5.18
0.84
3.30
2.33
-0.89
3.64
2.94
-0.40
1.75
-0.99
4.69
4.56
3.42
2.56
3.41
4.98
1.97
2.82
0.67
5.27
-0.41
5.05
4.05
-0.72
2.53
-0.15
3.31
2.04
-1.40
3.49
4.53
2.69
-1.35
4.73
4.26
6.32
-0.20
-2.45
3.88
-0.46
6.29
3.83
4.89
3.70
1.96
2.80
3.82
5.11
0.50
1.83
4.15
-1.29
0.65
1.43
3.81
6.54
0.21
0.56
5.02
-0.71
2.16
1.67
2.90
-1.42
2.13
3.80
2.06
2.17
2.16
2.00
3.00
2.14
6.66
3.48
-2.02
1.85
2.76
3.81
4.14
-1.25
1.52
4.21
3.63
-0.00
2.09
3.03
1.80
5.66
1.91
4.22
2.67
-1.20
-2.18
-0.40
2.45
2.67
3.33
-1.30
0.84
2.99
-1.88
1.41
1.20
-0.16
0.56
0.44
3.31
1.84
-1.83
-1.83
1.86
4.86
-0.90
3.29
-1.55
2.09
5.57
3.49
3.37
0.79
3.78
-0.03
2.28
-2.79
-0.74
0.86
8.48
4.36
2.36
2.76
4.30
2.01
4.51
1.84
1.09
1.52
-0.13
1.38
1.42
5.39
3.08
3.26
4.86
1.44
0.42
-0.22
3.31
-0.23
3.85
2.76
2.93
0.61
3.50
3.07
1.92
3.21
-2.43
0.55
-2.15
2.42
-0.47
0.75
0.20
4.36
3.48
-0.27
1.42
1.70
1.83
2.76
4.52
7.86
5.38
4.08
-0.62
5.87
3.44
4.24
-0.77
-0.49
2.76
-2.56
5.74
-2.61
7.61
2.91
1.15
2.20
2.76
4.22
4.25
-2.26
5.85
-1.03
-1.09
2.52
3.69
1.54
2.52
1.47
-0.24
6.36
1.17
2.08
6.13
5.06
5.05
4.56
0.94
2.41
5.86
-1.23
-0.24
4.19
3.74
2.49
4.40
4.74
7.24
1.09
1.52
0.81
2.27
2.10
2.04
2.99
5.45
4.67
2.70
2.04
3.08
1.90
3.17
0.62
3.90
3.82
3.05
-0.02
2.92
0.18
0.51
0.67
4.08
-1.44
0.92
1.38
3.82
2.61
3.65
3.71
0.94
4.02
5.74
3.11
-0.82
3.28
2.36
-1.36
2.50
2.72
1.12
1.41
-0.02
3.38
5.48
0.53
0.89
1.56
-3.10
3.50
1.40
3.58
3.55
1.69
0.84
2.37
4.48
0.57
3.10
1.47
3.70
2.50
4.17
6.79
2.15
2.19
1.59
3.30
1.26
1.43
-0.65
2.98
4.97
1.02
0.97
3.12
3.20
4.83
-0.64
1.23
0.91
1.54
2.62
3.24
-0.07
3.77
2.06
3.18
-0.01
0.41
2.13
1.72
3.53
2.31
7.34
1.65
4.94
2.69
2.42
2.93
3.80
4.78
4.29
3.20
0.52
4.08
3.96
2.18
1.93
-2.32
2.44
4.16
5.21
5.42
3.83
3.61
5.04
3.44
5.33
-2.79
4.82
1.19
2.59
-2.91
2.77
3.59
3.17
1.53
2.77
1.01
4.63
5.18
2.31
1.95
-1.96
4.71
1.76
-1.32
2.30
3.24
1.39
1.91
0.66
-0.81
0.14
4.56
-0.95
1.36
1.57
0.38
0.37
2.83
-2.73
0.53
0.51
0.72
-0.08
-0.99
0.84
1.08
3.47
2.74
2.13
1.60
-0.05
-0.40
-0.71
-0.11
-0.65
0.22
0.40
0.70
2.36
1.04
-1.41
2.07
-0.20
4.51
5.89
1.79
3.07
1.87
1.24
1.65
2.41
1.80
3.89
3.84
-2.82
1.00
2.54
1.28
2.26
2.99
-1.31
7.24
2.35
1.27
1.51
5.34
-0.06
2.36
3.97
1.59
2.36
2.33
2.86
3.44
-1.65
4.84
0.94
3.62
2.94
1.69
-0.55
4.08
4.82
-0.46
-0.37
-0.52
0.31
0.05
2.53
6.30
3.65
-2.92
1.90
1.29
0.94
1.81
1.72
0.27
3.35
5.58
4.90
5.14
4.78
2.53
1.18
6.68
1.89
2.31
4.32
-0.60
4.35
1.07
3.09
4.06
2.04
2.00
1.47
2.98
3.39
2.30
2.96
1.65
3.06
3.21
2.78
4.35
3.64
3.43
4.99
3.46
2.86
1.52
1.72
2.71
4.61
3.59
4.48
3.55
1.74
3.24
3.52
3.76
2.98
-1.92
2.91
4.28
3.33
3.38
0.73
2.53
2.48
0.57
2.98
2.41
2.48
1.16
5.28
5.20
3.19
3.29
4.21
3.46
1.95
4.39
3.95
3.71
2.00
2.87
1.15
3.46
0.53
4.28
4.30
1.71
1.54
3.98
5.04
3.57
4.78
4.95
3.42
-0.69
3.10
2.67
2.02
4.17
3.56
2.50
4.09
5.15
2.34
3.70
2.93
1.99
2.37
2.73
2.46
3.08
3.82
3.05
2.20
3.36
2.55
1.61
3.52
4.54
2.14
1.58
3.46
3.56
2.61
4.78
2.81
4.49
2.09
3.58
0.51
3.40
4.18
0.88
3.55
1.26
2.25
2.83
-0.48
2.59
3.12
4.29
3.79
2.71
1.85
2.23
-0.40
2.01
2.44
0.44
0.43
3.01
2.60
3.68
4.76
5.01
3.90
2.42
1.95
-0.29
-0.19
8.92
3.22
3.91
1.17
1.79
1.43
3.23
-1.80
0.99
3.78
4.01
-0.81
3.87
1.98
1.68
4.32
4.35
5.73
2.09
4.04
2.85
3.94
3.09
4.01
4.46
2.27
2.05
0.34
3.70
-1.35
3.78
3.96
-0.74
-2.23
-1.30
-1.34
3.88
8.18
-2.68
-2.09
5.12
-0.62
-2.49
-1.37
2.58
3.04
-0.15
2.28
-0.79
-0.18
1.90
-1.05
0.01
-2.27
4.47
-1.03
-0.88
-0.73
-0.35
1.65
-2.79
-0.19
-1.34
-0.87
1.98
2.60
1.28
0.43
1.42
-1.36
-0.55
-0.38
1.50
0.21
2.71
-0.07
1.01
-1.03
1.69
-1.77
1.47
-3.13
-3.01
1.95
1.04
-1.26
2.57
0.18
-1.27
-1.07
-2.74
0.15
0.41
-2.16
2.13
0.93
1.49
0.64
0.83
0.10
3.53
-2.24
2.76
1.52
2.59
-1.19
-2.37
-2.11
-1.52
-0.20
2.48
-2.55
4.72
3.77
5.32
-1.45
3.48
0.35
-0.35
8.08
-0.86
4.17
4.05
-1.60
1.21
-1.57
2.24
0.43
-1.54
-1.73
2.97
1.43
0.91
2.85
2.25
-1.82
2.31
1.27
0.03
2.97
4.99
-2.37
-0.18
0.03
-1.16
-2.33
-1.51
-1.02
2.08
5.43
-0.47
-0.95
2.57
2.30
-0.41
1.86
-0.59
1.81
2.16
1.82
-1.76
-1.65
1.93
1.10
-1.08
-1.84
2.42
2.76
-1.12
0.62
0.30
-3.05
0.27
-1.93
-0.93
4.65
-1.82
3.43
0.30
0.53
0.15
0.45
-0.30
-0.45
-0.63
2.09
-3.15
-1.72
-1.58
2.94
4.34
-2.98
3.06
2.49
1.11
-1.63
-1.12
9.13
-3.07
-2.13
-4.21
-2.11
-1.22
3.04
-1.17
-0.44
-2.32
2.19
0.73
2.16
1.31
-1.06
-0.53
1.99
-0.62
-1.87
-3.86
-1.31
-3.23
2.97
-2.85
4.90
-1.10
-1.92
-1.79
-1.08
-2.29
-0.77
-0.73
-0.63
-1.28
0.71
3.54
1.99
8.16
0.08
-2.49
0.51
-1.91
2.92
-1.13
-0.68
-1.43
-1.11
-0.45
-0.58
2.42
-0.26
-1.96
-0.41
2.72
-2.04
4.54
0.44
-0.70
0.87
-0.31
3.03
3.60
1.67
-0.94
-0.10
1.31
0.26
-2.16
1.75
3.03
5.13
0.25
1.87
6.32
-0.15
-2.26
0.21
1.76
-3.30
-1.70
-1.85
-0.09
-1.05
-2.53
0.69
0.02
2.29
-2.37
-3.05
4.96
2.78
-2.41
-3.08
-0.98
-0.30
1.41
-0.58
-2.41
-2.89
-1.81
0.17
3.23
2.64
1.92
-0.30
-0.34
3.63
1.11
2.78
3.41
1.75
-2.65
-1.94
1.10
-0.58
3.06
6.15
-0.47
2.00
-1.99
3.25
0.04
5.52
0.04
2.05
2.29
0.11
3.90
3.16
-0.63
-2.19
2.35
4.47
2.50
-1.96
-2.02
-0.76
1.42
0.49
-0.57
8.91
2.30
0.26
0.29
0.31
0.22
-1.99
-1.40
-4.08
-2.02
3.62
2.46
-3.54
-2.49
1.17
-2.04
-2.30
-2.94
1.70
-1.73
1.63
-1.21
4.75
0.56
3.27
3.76
-0.61
-1.70
0.85
-1.87
1.11
2.39
-0.81
3.21
-1.22
3.90
0.77
4.26
-2.06
3.63
4.14
3.14
-2.45
4.29
-1.61
5.57
-2.70
0.58
2.81
1.95
-0.01
-0.26
-1.55
1.84
-1.66
0.37
-1.35
-0.82
3.89
-0.32
-1.43
1.02
4.71
-1.52
7.07
0.53
-1.25
-1.38
-2.34
-0.39
-0.42
7.80
0.35
1.39
1.57
3.38
-0.30
2.36
4.92
2.18
-1.64
0.93
1.83
3.12
-2.49
2.37
-1.80
1.03
-3.01
0.22
1.85
-3.15
-0.97
-0.74
-2.37
1.50
-1.93
2.43
0.68
3.44
0.94
-1.78
-2.27
-1.98
-0.09
-0.79
4.81
2.90
-1.00
-1.70
2.28
-3.05
6.52
1.01
-0.31
3.67
0.76
1.60
10.50
-2.36
0.23
0.89
0.86
-2.18
-1.62
0.38
-2.49
-0.01
3.26
0.35
2.20
1.71
3.82
1.59
-2.14
-0.97
4.12
0.60
5.12
0.11
2.27
0.71
1.58
1.58
-1.69
-2.34
-0.13
1.36
2.40
-2.38
3.09
1.77
1.02
2.90
-1.70
1.04
3.43
3.26
8.25
-0.65
-1.29
0.11
0.38
2.55
5.35
0.91
1.33
-0.99
-0.48
7.33
0.84
-1.28
0.36
-1.02
2.91
-2.06
1.96
4.45
-1.54
-1.63
-1.10
-1.46
1.91
-1.32
1.79
0.11
1.56
-1.92
0.02
2.73
2.53
-2.00
-3.32
-0.60
0.16
5.07
1.75
5.00
1.84
-0.61
4.31
-1.15
0.18
0.13
-2.02
3.80
1.25
-0.44
-0.55
2.37
1.51
3.58
2.88
-1.41
2.20
0.53
4.31
5.11
-0.45
-0.59
-0.29
3.54
1.76
-0.80
0.59
2.59
-0.67
-1.44
1.50
-2.21
-0.25
-2.22
-0.84
0.53
2.32
-0.49
-0.58
1.07
0.58
4.66
-1.70
-1.86
-1.86
-1.84
0.74
-2.94
0.03
-2.40
-2.40
-2.59
-0.07
-0.14
6.74
3.66
3.09
3.55
-1.22
0.83
-1.94
-0.28
0.87
3.00
6.84
-0.25
1.23
-1.49
-0.68
6.70
4.70
0.51
2.71
-0.89
-1.69
-1.59
2.95
4.60
-3.25
0.58
1.21
0.29
2.24
-2.40
3.30
-1.96
0.18
1.62
3.92
-0.74
1.16
0.66
-1.17
-0.14
-0.19
4.40
-1.35
0.65
1.09
-3.50
-1.53
2.76
7.75
-2.08
2.41
1.33
0.63
-3.06
-0.32
4.63
-0.78
-2.94
0.49
4.07
-1.67
5.48
0.12
-1.91
-0.59
-1.56
-0.75
-2.06
3.35
-1.24
-1.98
4.51
-2.00
-0.97
-1.75
-2.31
-2.58
-1.17
4.29
-0.65
0.04
0.13
-1.12
-0.60
5.46
6.50
-1.06
-0.12
-1.84
-0.24
1.57
-1.65
-1.13
6.73
-1.36
3.03
3.70
0.30
-3.20
-0.79
-0.87
-0.87
1.34
2.00
-1.24
4.68
-0.36
-2.75
-2.65
-1.01
2.92
3.20
-2.08
0.78
-1.09
-1.36
2.31
4.02
0.20
-1.96
1.18
-2.54
-2.33
0.40
-1.20
-1.43
1.66
-2.46
-0.92
3.44
-2.57
-1.67
-3.62
-0.93
3.25
2.06
-1.75
-0.44
6.38
-1.09
-1.81
-1.64
-2.25
0.52
0.13
-3.16
1.67
-2.25
2.74
0.34
2.46
1.26
0.18
5.56
1.34
2.15
0.12
2.06
-0.19
1.80
1.16
-2.65
-0.20
2.25
-1.45
4.20
-0.59
1.01
-1.93
-1.25
-2.62
2.39
9.46
-0.38
2.68
1.44
1.88
-2.42
-0.34
3.15
-1.94
2.50
-0.73
2.16
-2.72
-1.93
0.50
-3.20
-0.74
-2.70
-3.05
-2.18
5.57
3.42
2.38
1.72
-0.09
-2.94
4.21
-2.04
6.08
-1.33
-0.34
1.19
-2.30
2.71
0.79
0.90
6.87
5.84
-2.40
6.40
-2.12
-2.27
-2.08
-1.55
3.79
-1.15
-1.44
4.13
2.71
0.01
1.08
-1.86
-0.87
-2.00
-2.70
-0.03
-0.50
-0.66
-3.77
4.45
-1.93
-1.89
0.84
1.44
-1.93
-2.80
-1.89
-3.77
-1.01
-1.58
-1.71
1.09
2.07
6.70
1.32
2.41
0.22
4.84
-1.57
0.70
-1.61
3.16
0.76
-1.84
-1.80
-3.54
-0.53
0.73
3.10
1.33
-1.90
0.43
0.50
-2.46
1.14
-2.29
-1.12
-1.29
-2.99
0.78
-0.27
2.40
-0.51
-1.63
-0.37
2.01
0.16
-2.50
-2.36
0.70
6.60
6.54
1.88
-1.48
-2.32
-0.71
3.86
2.53
1.63
-1.75
-1.34
4.72
-1.35
0.10
2.94
0.33
-1.79
-2.51
-1.41
0.07
2.04
0.31
5.09
0.54
-0.20
3.24
-2.20
1.50
-1.86
0.66
-2.74
5.53
-1.98
0.46
-0.12
3.38
-1.62
2.14
-0.18
3.27
1.28
1.30
-0.25
-1.73
1.88
-2.73
1.36
-1.93
-0.12
-1.10
3.23
2.56
1.34
-1.24
-2.44
1.17
2.55
-2.07
0.66
-2.61
0.11
-2.40
2.66
1.37
1.34
0.02
5.69
3.23
4.99
-1.51
5.28
1.37
3.52
0.36
-1.57
-1.39
0.38
1.60
2.26
3.34
-2.14
-0.63
0.93
-0.15
2.53
-0.53
-1.62
-0.34
4.61
1.81
0.05
0.35
0.06
-1.92
0.50
2.59
-2.75
-1.59
1.38
3.64
0.08
-1.00
-3.52
3.46
-2.60
0.38
2.26
3.22
-0.82
1.58
-2.48
0.68
-1.64
-1.88
0.38
4.02
2.96
-2.55
-1.47
4.87
-0.23
-2.49
-2.14
-1.45
-2.73
-0.86
1.70
3.80
-1.29
-1.27
1.02
-0.13
-2.97
0.48
2.07
-0.44
-1.84
-0.43
-0.90
-0.85
4.04
5.31
-2.33
-0.45
4.43
4.97
4.22
2.68
2.26
0.57
2.57
0.33
-1.38
0.59
-0.89
-1.75
5.69
-0.95
-2.69
-2.65
-2.45
0.94
-2.17
-0.02
-2.30
-2.26
-0.08
2.34
5.42
-1.95
2.15
-0.90
3.62
-1.67
-2.19
-1.10
0.44
2.38
6.38
-2.47
-3.01
0.43
-1.84
1.22
0.59
0.80
-2.35
-1.76
1.05
-1.16
2.96
-2.38
1.10
0.03
2.04
-0.50
-1.70
-2.04
0.65
2.16
-0.29
3.99
4.69
1.54
-2.13
-2.63
3.21
-1.18
4.03
3.40
-1.53
1.26
-2.37
1.77
-2.11
0.63
2.78
-1.25
-2.17
-0.66
4.06
-0.25
1.56
0.64
-0.92
1.63
-1.23
0.52
-2.88
1.99
-0.50
-1.68
-1.37
0.74
3.99
-1.75
-0.78
-2.46
2.95
0.94
-1.60
-0.02
0.17
-2.04
-1.07
-0.10
1.12
-1.21
-0.58
1.49
-3.21
2.01
-2.58
-2.29
-1.26
0.81
-0.31
-1.21
1.96
1.54
3.15
3.06
-1.65
-0.86
-2.13
0.38
1.23
3.06
1.45
2.37
-2.00
-0.09
-1.23
-2.47
-0.93
4.37
-1.95
3.62
3.78
-0.23
-2.71
3.71
0.09
0.40
-2.06
1.93
3.67
3.65
2.24
0.01
3.92
-2.61
1.92
-2.00
5.05
2.26
2.55
2.04
5.06
3.93
0.47
0.50
6.93
-4.05
-2.48
3.91
5.43
4.17
-1.72
-0.51
1.56
0.39
6.00
-2.71
-2.18
1.35
-2.93
-1.85
-0.51
2.02
-0.40
-0.92
-0.69
-0.03
-2.06
3.37
-0.65
0.27
-3.42
-1.92
0.76
-1.52
0.03
3.50
0.45
0.56
-0.31
6.81
4.62
-1.26
1.81
2.33
2.16
4.01
-0.83
1.85
2.46
2.81
2.20
-0.66
-2.57
4.05
-0.50
0.54
2.70
0.04
-0.34
0.12
3.23
-1.52
2.41
0.36
-1.99
-1.32
-1.11
-2.30
5.24
-0.52
-1.11
3.15
0.29
-1.43
-2.45
2.39
-0.66
6.14
-1.67
-2.89
-1.56
-2.09
-2.02
1.67
2.65
-0.69
-1.79
-1.73
0.02
-0.75
0.67
2.39
-3.73
2.30
3.00
2.48
4.65
-1.25
0.41
-2.46
4.85
0.47
-0.29
6.38
-1.11
3.92
0.24
0.16
-3.03
1.28
3.51
7.27
3.41
-2.11
-0.49
-0.48
-1.15
2.10
3.11
-2.69
-0.29
7.05
2.92
-1.81
-1.57
4.42
-0.42
5.09
-0.83
2.51
3.70
-0.08
0.03
-2.16
-0.74
1.04
5.13
1.82
3.18
-1.64
4.52
-1.53
0.49
1.19
2.43
-1.22
1.30
4.21
5.38
-0.41
-0.16
-0.02
2.02
2.17
0.81
2.00
-0.98
-1.21
-2.33
-1.71
5.32
0.55
1.49
7.88
-0.83
-2.89
-0.03
1.44
-1.59
2.50
1.48
0.10
-0.13
-0.37
2.65
1.98
2.83
4.89
3.90
0.63
-0.79
3.31
-1.30
-2.06
-1.60
-2.67
3.89
0.64
-0.10
3.46
0.79
2.07
-0.74
0.46
1.79
3.20
6.06
-1.02
2.41
3.06
-1.01
0.33
-3.45
-2.32
2.32
-3.26
-4.07
-0.99
0.14
-0.19
-1.12
1.91
-2.04
0.22
-0.87
3.85
-3.15
-2.59
-3.26
-2.33
-2.31
2.40
-2.59
0.71
-1.63
2.34
3.52
-1.32
-0.51
1.85
-0.88
3.82
0.53
0.03
0.19
-0.80
-2.91
-0.75
-1.96
1.19
-0.38
-3.18
-1.17
0.25
3.15
1.06
0.30
3.57
-2.65
3.76
-3.57
0.09
-1.42
-0.78
-1.94
-1.10
1.20
0.00
1.85
-1.08
-2.30
3.83
-1.33
1.41
-0.01
-1.25
-0.26
-1.39
-2.28
-0.51
-0.12
5.30
-0.61
-0.14
-0.98
1.21
-0.83
1.34
-1.10
0.21
4.88
1.82
-0.67
0.62
0.88
3.62
-0.47
2.47
-2.88
-1.36
-0.84
-0.53
-0.66
-0.66
-2.93
0.59
8.02
-1.65
-0.81
-0.09
-1.11
-2.85
2.22
-2.76
-2.57
1.94
5.15
-0.75
0.46
-2.22
3.05
3.43
-1.14
1.18
-0.85
-1.45
0.49
-2.74
-2.65
-0.63
0.89
-2.10
2.74
2.44
0.53
-0.66
-1.55
4.16
-1.10
0.61
-1.50
1.83
0.82
-2.41
2.63
10.01
-1.46
5.79
-0.57
-3.62
-1.36
1.52
2.85
-1.50
0.90
-1.23
-1.57
-1.91
-0.35
-2.65
-0.78
-1.43
-0.80
-0.08
2.21
-3.76
-0.69
1.62
1.39
-1.56
0.82
-0.52
4.23
0.27
0.96
-2.94
1.35
0.93
2.69
3.65
-2.22
1.24
4.21
-1.82
-0.83
-0.46
2.54
-2.74
-2.03
1.43
0.41
-3.22
-2.39
-1.07
3.04
-1.41
-1.76
2.24
-2.97
-1.37
-2.72
-2.49
-1.05
0.66
-1.59
-2.73
-0.97
0.67
0.41
-0.57
2.72
4.15
-2.46
-1.43
-3.49
-0.02
-0.31
-0.42
-1.13
-3.60
5.08
-0.61
-2.07
-1.02
-1.96
-0.23
-0.06
-1.89
-1.05
-2.91
-2.93
3.03
-3.01
-0.66
-1.39
-0.70
1.24
-1.37
3.05
-1.58
3.22
0.76
3.70
3.16
0.72
1.95
-2.43
1.01
-2.26
-1.01
-0.14
0.11
6.22
0.71
1.92
-2.46
2.09
-2.95
-0.43
-1.62
-1.57
0.66
-0.89
-0.62
-0.51
0.36
-1.60
-0.89
-0.88
3.10
-0.21
4.44
2.75
3.65
2.63
-2.16
2.56
1.97
-0.70
-1.43
-2.46
-0.65
7.18
-2.97
2.97
2.22
0.10
-0.90
0.02
5.37
-2.57
-0.76
0.45
-2.26
4.52
2.47
-0.28
-1.41
1.58
2.20
-0.86
9.73
-2.05
2.89
-0.79
1.26
-2.53
-1.05
1.01
-1.83
-2.94
-0.99
-2.48
0.55
-1.68
-0.30
3.67
-1.20
-2.18
1.99
0.56
-2.54
-1.66
-2.76
7.09
-1.71
1.64
8.97
0.73
-0.83
-0.58
-1.65
-0.94
-1.59
0.37
3.57
-2.12
6.18
3.18
-0.35
-1.77
2.99
-1.02
0.40
-1.63
-1.55
4.48
0.77
5.69
0.93
2.93
1.03
1.27
1.58
-2.73
-2.56
8.33
-0.85
-0.99
-2.56
6.25
2.47
0.15
0.03
-2.73
5.18
0.66
-2.93
-1.30
1.64
4.06
4.66
-1.67
-2.15
4.89
-1.15
-0.62
1.87
-2.31
-2.39
-1.77
-1.16
-1.25
-1.87
2.95
-1.45
-1.43
-2.66
2.81
-2.36
0.25
-0.87
9.39
-1.43
-4.09
-0.68
3.75
-0.00
-0.56
4.08
0.23
2.69
-1.62
-2.30
-2.01
-1.71
1.84
4.32
-0.91
-0.00
-0.90
0.74
-3.42
5.05
0.61
1.11
0.55
-1.21
0.46
0.11
-1.18
-2.30
3.02
1.25
0.19
-1.27
-1.39
1.40
1.22
-1.58
-1.16
-2.29
-2.03
-2.81
1.70
-1.94
-1.80
-2.34
-0.25
-0.07
4.02
-0.38
1.84
-0.62
1.23
1.27
-1.66
0.34
2.70
-0.62
-2.60
0.78
-1.77
-0.10
3.04
2.04
1.26
5.31
-1.94
1.05
-1.13
-1.85
-3.37
1.55
-1.36
2.79
-1.54
-0.38
2.79
-0.43
-4.13
3.54
-1.64
-2.72
-0.80
1.32
3.34
-1.22
1.09
3.93
2.79
-1.45
-1.77
5.27
5.52
2.51
-1.94
1.09
-1.51
2.65
-2.54
-0.62
0.13
-2.92
3.68
-2.22
-2.55
3.30
4.48
0.89
3.66
-2.54
2.75
4.22
0.83
-0.25
3.72
-2.51
-0.29
2.75
-0.81
-1.69
-2.49
-0.74
-1.68
-0.44
-3.43
-1.29
2.83
0.35
0.81
-1.30
10.10
4.64
3.05
0.06
2.36
1.83
-2.30
0.46
1.13
1.07
-2.12
-0.63
0.85
-1.25
-2.39
-1.07
0.62
0.29
-0.07
1.18
-2.04
1.62
-1.37
1.60
5.20
-1.84
-0.44
-2.39
5.76
5.24
-1.54
-0.92
2.38
0.15
-1.76
-1.39
-1.78
-0.95
5.67
1.26
2.21
0.12
0.57
2.23
7.72
-0.14
1.75
-0.61
-3.01
4.90
2.69
1.35
3.50
-0.77
-1.67
2.19
-1.64
-1.59
-1.19
0.91
2.41
0.59
-0.50
-2.20
-1.98
-0.60
0.26
-2.78
1.30
-1.09
-0.28
-1.18
-2.78
2.53
2.22
0.45
-3.09
-3.01
-1.03
1.48
-2.28
-0.61
2.29
1.33
0.58
-2.21
-2.31
1.47
5.66
2.83
-2.14
-1.88
-1.04
6.10
2.08
1.26
-1.21
4.11
4.24
-2.08
-0.45
6.83
0.71
3.22
0.43
2.24
-1.24
-1.60
0.73
-1.98
0.31
1.10
3.29
-1.70
-1.81
6.00
0.40
-2.39
-1.15
0.72
-1.04
4.39
-2.81
0.06
4.83
2.37
1.62
7.19
3.74
-0.61
5.21
-1.41
-3.17
7.41
-1.58
1.72
-1.00
-0.35
7.23
-1.68
-2.13
-1.93
-1.42
-3.29
5.82
3.73
0.68
3.53
1.77
3.00
-3.30
-2.60
-1.57
3.87
-0.87
-2.25
-2.05
-3.66
1.55
0.21
-1.52
-1.90
-0.27
0.71
1.84
6.36
-1.52
-0.01
0.19
-1.86
0.18
6.54
-0.65
1.12
-1.02
-2.05
4.08
2.67
-2.39
0.47
2.83
1.37
-0.68
1.96
1.46
-2.05
-3.02
0.52
3.91
3.73
3.54
3.36
-0.49
-0.27
-2.29
-2.05
-0.41
-2.10
-1.40
7.88
-1.54
-1.95
-1.65
-0.29
2.08
4.31
-2.07
-2.05
-1.67
-2.92
-0.58
8.00
-0.69
-0.80
2.81
-1.65
3.23
0.26
3.56
-2.20
1.30
-0.72
-1.12
-3.12
6.32
-1.37
1.65
2.88
-0.37
-1.31
2.26
0.25
1.15
-1.81
3.02
0.70
-0.44
-0.51
3.97
-1.78
-0.76
0.38
-0.07
3.67
-1.08
1.31
-2.57
-0.71
-0.66
0.06
-2.63
2.95
6.05
-1.69
-0.10
0.28
3.38
0.25
2.44
1.85
3.56
-2.76
2.10
-3.42
-0.09
-0.68
5.51
2.46
1.34
-1.59
-2.13
-1.89
-2.19
-1.30
-1.44
5.01
-0.83
-3.36
3.61
-2.43
1.32
-2.16
-0.89
4.02
2.71
-2.02
-0.34
-2.08
-2.22
-0.86
3.79
-1.08
-2.64
3.46
-0.81
-0.41
-2.07
-0.54
5.00
1.77
0.51
1.90
-2.68
-0.07
-1.53
-3.73
0.56
-0.13
-3.00
-0.08
7.70
3.13
-1.68
3.06
-0.41
1.94
0.38
-1.95
2.16
-2.65
-2.57
-1.71
-1.90
-0.76
1.72
-1.53
-2.27
3.19
-1.38
-0.78
0.32
-0.80
0.67
0.85
1.63
0.01
-0.07
3.91
1.90
-0.30
4.38
2.04
4.72
1.29
-2.70
3.07
-1.31
4.49
3.71
0.62
4.83
2.88
-0.50
-1.28
-1.96
0.86
-3.49
-1.73
-0.10
4.33
-2.53
4.03
0.97
-1.81
0.16
-0.28
4.26
7.39
5.06
-0.77
0.30
2.97
2.42
3.09
-0.40
-2.49
-1.07
-1.18
4.34
1.62
2.81
2.41
3.66
1.67
-0.32
0.65
1.80
-0.82
-1.30
-2.39
-1.45
3.26
2.14
1.74
0.05
-0.67
1.76
1.80
-1.57
-0.87
-0.57
0.49
-0.67
-0.55
-0.26
1.32
-0.59
4.07
-1.45
-1.86
-0.45
-0.82
-1.87
2.61
0.27
0.22
-0.41
4.98
-0.85
0.07
-2.77
-1.29
1.84
-0.89
2.37
1.56
-1.42
-1.69
-1.14
2.26
1.23
4.19
2.55
-0.50
2.29
0.80
6.30
0.21
5.02
-0.18
-3.00
0.67
4.45
1.02
-1.13
-2.06
1.55
4.29
1.44
0.47
-2.07
-1.09
-2.53
1.41
2.70
-1.04
1.12
-0.64
0.47
-0.63
2.82
-0.40
0.93
0.14
4.45
-0.21
5.19
-0.13
4.41
2.23
2.51
2.24
-2.95
-1.77
-3.16
2.99
-2.09
-1.46
1.11
-0.54
-1.23
-0.65
-1.18
2.74
-1.43
2.38
0.78
-2.17
2.51
-1.39
0.01
-2.07
2.15
-2.45
-0.83
2.46
-0.69
2.72
5.83
2.75
2.02
-2.57
0.17
-2.04
1.55
-0.83
1.67
-2.80
4.01
1.22
-3.31
-2.04
-2.08
0.96
-2.93
-1.88
-0.03
2.79
-2.08
3.53
-0.50
2.73
-0.96
-2.14
-2.77
1.84
0.16
0.49
-1.68
-1.08
3.37
0.50
1.21
1.81
-2.22
-0.86
3.56
4.54
-1.32
-2.79
7.68
0.62
-2.83
-2.84
-2.40
-1.34
-0.66
1.27
2.45
3.01
-1.88
0.75
-1.56
0.90
1.64
3.01
-1.04
1.58
-1.68
2.81
0.75
-2.74
5.33
-2.35
-1.12
0.04
2.96
3.32
-2.23
6.71
6.59
-1.62
-0.52
-1.10
-1.71
-2.41
1.08
-2.78
-0.85
0.54
-0.52
0.51
5.30
1.30
-1.33
3.02
3.27
0.98
0.07
-1.86
1.60
0.28
-1.90
4.14
-1.86
0.67
-2.24
5.46
-2.57
6.25
4.28
4.07
-1.38
-2.44
-1.23
0.55
-1.09
-1.08
-2.55
2.36
6.40
0.21
-0.45
0.25
2.14
-2.17
-2.57
2.94
1.32
-2.44
1.33
2.30
1.26
-3.30
-1.42
-1.51
0.08
-0.53
4.02
0.78
2.06
0.41
-4.10
0.91
1.41
-1.49
6.93
-2.07
2.14
5.06
2.11
-0.42
1.29
-2.02
-1.74
2.30
0.77
1.89
-3.20
0.34
-1.21
0.22
-0.59
1.18
-1.96
-1.19
0.79
-1.10
-1.79
0.11
-2.07
3.35
-0.38
-0.98
-1.86
1.84
-0.63
-0.50
3.68
-0.66
0.55
-1.80
-0.16
1.39
-0.81
-2.33
1.36
5.68
4.14
4.19
0.63
-0.88
4.14
1.58
-2.05
0.88
-2.54
-0.30
4.69
-2.08
-2.06
1.56
-2.57
-1.23
0.00
2.37
4.49
0.32
-0.99
-2.97
-2.06
-0.79
-1.06
-2.69
-1.56
4.16
-1.70
3.42
2.18
-0.69
1.76
0.46
1.02
2.42
1.93
-1.96
-1.74
-0.51
-2.29
2.85
2.92
-2.16
-1.77
3.86
3.15
2.83
0.81
1.20
-0.92
2.03
-2.02
-0.86
-0.80
-2.42
-0.99
-0.62
0.23
-0.23
0.18
1.27
0.05
1.24
-2.05
2.55
-2.68
-2.55
-2.12
-1.92
3.98
3.14
-1.88
1.96
3.81
2.52
-0.61
-3.01
4.97
-1.70
5.44
2.88
1.02
6.04
2.05
-2.39
1.54
0.42
2.69
-0.66
1.52
4.37
-2.03
-2.75
-1.86
0.61
-1.32
-2.34
-1.39
-1.74
-1.22
1.44
0.93
-2.15
-1.86
3.02
-1.87
-1.59
-2.73
1.72
1.14
4.55
4.98
-0.47
-0.25
2.93
8.09
-0.56
0.81
-2.26
-0.41
2.11
2.49
-1.64
-1.65
-2.07
0.92
3.25
2.92
0.44
-1.61
-2.32
2.72
-0.62
1.30
-2.82
-3.22
1.89
2.41
-2.54
-0.84
2.29
0.77
1.54
0.35
-3.30
0.04
7.02
-1.58
0.48
0.26
-2.66
-1.69
-1.93
5.23
-2.19
2.24
-1.51
4.33
0.07
-1.04
-1.38
1.77
6.80
1.52
-0.27
-2.44
-0.56
2.85
-2.16
-0.38
-2.04
-0.54
-1.50
1.72
0.22
3.26
0.17
2.54
0.29
5.19
0.30
2.88
1.35
0.55
1.36
1.58
2.58
3.52
1.48
-2.91
2.52
-0.39
1.99
2.01
2.81
1.05
0.09
-1.17
2.21
-1.82
-2.06
1.62
0.55
2.21
1.52
-1.44
-1.59
-0.38
1.27
1.01
4.57
3.30
3.83
0.63
3.22
2.33
6.89
6.89
7.38
1.14
-2.68
1.65
-2.30
-0.46
3.09
2.86
-2.77
-1.64
-2.34
6.39
1.54
2.13
3.37
0.99
1.03
-0.27
2.35
4.19
0.10
-1.85
2.38
5.21
4.52
4.02
4.23
3.01
1.17
-1.17
-3.19
0.17
-1.04
2.09
3.79
1.75
2.87
0.35
1.65
-1.81
-1.02
-2.56
5.95
3.00
-2.07
0.28
1.72
-1.41
0.25
0.45
0.70
-2.69
-0.98
2.97
3.13
-0.68
3.23
-2.29
-2.28
0.46
-2.66
1.31
8.02
1.86
4.30
-1.54
0.32
0.14
6.67
1.91
-1.24
2.04
3.20
-1.63
2.44
6.90
1.19
1.43
-0.11
-2.13
-2.81
1.59
-0.27
6.06
5.95
5.61
-0.04
2.53
3.28
1.35
3.42
0.12
-1.25
0.04
2.88
3.91
-2.66
-2.36
4.52
4.88
4.45
4.30
0.52
4.35
5.39
0.52
5.28
-2.91
-2.24
-1.75
1.89
-1.70
0.21
7.58
-2.41
0.68
2.97
3.32
1.18
5.38
0.93
2.56
0.99
1.51
7.10
6.66
3.17
0.83
2.94
3.91
8.58
-1.01
-2.02
-0.73
4.38
-1.85
0.29
1.97
2.67
0.23
-2.14
-1.32
4.12
-2.00
-0.10
-1.22
1.17
3.23
1.16
0.86
0.52
6.18
5.60
3.45
1.80
0.50
1.16
5.57
-0.23
1.80
5.31
1.58
2.06
-0.12
3.72
-1.50
-0.58
0.31
0.35
0.35
0.35
4.92
2.37
4.97
3.77
-0.01
4.51
0.87
7.67
-3.71
1.59
-3.71
2.25
1.18
-0.85
-2.91
5.76
5.47
6.02
4.22
6.12
4.10
3.66
2.98
1.07
0.02
0.65
2.94
4.62
3.78
4.41
5.89
4.47
-0.14
3.37
3.30
-0.46
4.09
3.39
2.54
3.79
4.39
0.99
3.51
3.79
3.81
0.58
5.30
5.18
-1.14
3.23
3.28
2.29
3.13
3.77
1.06
6.43
1.41
3.80
6.46
3.23
4.31
-0.21
5.15
-1.64
2.44
1.74
2.57
1.78
2.09
1.38
4.27
4.51
3.55
9.64
3.00
6.47
3.54
0.16
1.12
6.26
-2.34
4.50
1.97
5.46
-0.11
3.61
4.75
2.47
4.18
2.99
4.36
1.93
3.64
5.35
3.38
3.10
1.72
1.35
4.60
4.65
3.32
5.11
2.07
1.92
5.40
2.82
2.29
-1.27
4.98
2.41
3.74
6.24
-1.41
6.81
5.16
-2.23
5.70
4.99
-1.78
4.26
4.05
3.31
2.00
1.70
3.07
-0.47
2.91
4.77
-1.42
4.72
2.64
-0.54
0.26
3.07
1.97
0.19
-1.93
1.30
0.19
2.49
1.83
2.96
-2.22
0.90
0.45
-0.94
3.36
4.70
3.31
6.17
2.53
-0.43
6.62
6.31
4.37
3.21
1.79
2.43
2.28
3.66
4.70
4.45
2.04
1.33
6.34
3.16
1.09
1.95
2.53
3.73
1.76
2.80
1.41
1.42
4.47
4.42
4.60
4.94
1.68
2.60
5.00
3.98
3.81
0.42
4.29
3.35
0.19
1.46
4.69
2.37
-2.01
6.34
1.50
3.36
5.01
0.03
2.23
3.33
3.57
5.01
5.04
4.99
6.99
4.38
4.19
2.30
2.50
3.94
2.84
3.50
-0.64
-0.69
-1.76
3.91
8.18
5.35
3.48
1.24
3.78
5.75
5.43
2.56
2.77
4.56
4.09
0.55
4.95
1.08
3.49
1.31
-3.16
2.78
6.49
5.59
1.16
2.39
5.85
4.52
2.91
-1.39
3.02
-1.63
2.73
-1.80
1.80
5.44
2.66
2.61
1.00
6.19
3.16
2.09
7.15
5.29
2.56
4.56
1.58
-2.79
0.86
3.02
1.98
2.43
0.82
-0.42
2.68
3.23
3.48
3.80
1.26
1.63
2.21
4.19
3.67
3.91
2.70
3.96
1.65
-3.28
3.28
0.47
-2.01
2.17
5.71
0.64
4.30
-0.37
1.79
5.72
2.44
7.30
4.79
4.85
1.07
3.57
4.58
2.49
1.93
2.34
3.34
0.97
1.57
3.46
-1.38
1.19
4.44
4.74
4.02
-0.77
0.49
4.35
3.84
5.10
0.91
-0.01
4.05
2.65
2.65
3.90
5.00
1.32
3.26
2.07
4.43
0.24
4.07
3.27
0.51
4.31
5.12
2.34
2.45
3.41
2.82
0.60
3.45
4.46
2.81
4.12
3.51
2.80
7.47
0.43
2.49
-2.10
4.54
5.29
5.80
3.50
3.12
3.20
2.31
1.26
4.56
4.29
3.31
2.75
3.15
4.32
3.87
-0.34
4.25
-0.50
2.74
0.89
-0.54
5.48
0.99
-0.97
4.38
3.75
3.26
2.84
4.29
2.99
0.88
3.52
1.08
-0.03
2.73
4.70
1.62
5.47
4.95
2.40
2.25
1.71
1.99
3.47
3.98
2.00
3.05
-1.37
1.12
-2.73
-0.30
-1.75
-1.05
4.71
3.67
0.57
7.20
3.11
-2.32
2.51
-0.78
4.09
3.54
0.95
6.36
0.66
3.47
-0.69
2.96
3.67
4.02
-1.27
4.14
-0.89
2.74
0.18
3.58
1.74
3.59
2.24
-1.36
4.84
2.15
3.06
-0.89
2.42
5.26
-2.05
2.94
1.56
6.70
6.30
4.76
6.20
2.75
-0.06
1.39
-1.57
1.55
-2.37
1.40
3.75
3.90
3.20
3.35
4.50
3.25
5.57
3.59
5.29
2.98
4.39
1.50
4.82
2.52
-0.13
4.53
-1.71
5.42
2.31
3.49
3.11
6.40
-0.76
4.42
2.55
0.88
7.63
3.24
1.00
2.35
4.14
4.83
2.37
3.03
2.21
6.26
4.55
0.19
6.03
2.32
3.90
-2.03
6.27
3.17
1.75
3.67
4.84
2.16
1.94
0.86
4.98
-1.22
4.06
2.64
3.48
1.21
5.98
8.03
0.77
4.62
5.34
3.41
5.30
2.90
2.48
4.81
2.48
0.86
2.28
2.47
1.98
1.60
0.53
0.00
1.08
2.09
2.54
-0.63
4.86
5.20
1.43
2.11
5.04
5.22
4.40
4.99
7.95
-1.92
4.03
-2.01
1.66
1.55
2.65
4.77
0.22
3.18
3.26
7.40
-0.48
-2.46
-1.31
6.08
2.96
2.75
-0.78
2.97
2.53
-0.83
5.88
4.29
3.56
8.64
4.20
4.22
3.59
-0.79
2.83
4.52
2.19
0.32
3.28
2.11
2.22
5.07
0.89
-0.27
4.87
-0.91
1.72
2.61
6.03
1.51
4.56
2.33
6.77
4.73
2.12
1.73
-0.65
3.92
5.71
3.82
2.86
2.61
3.29
2.59
-1.73
1.10
7.67
5.81
3.03
4.99
4.41
4.04
5.25
2.03
2.90
4.28
3.79
-0.72
4.21
2.77
2.89
4.13
4.68
5.17
-2.93
3.02
0.59
2.66
2.60
1.47
5.45
0.35
1.53
3.84
2.07
-0.77
8.34
-2.66
3.61
3.44
2.97
3.18
3.37
2.23
2.89
4.33
2.91
0.47
3.08
3.24
2.98
0.89
1.59
3.15
3.80
4.72
3.89
6.08
4.88
3.55
2.01
3.35
4.36
4.18
3.72
1.21
0.49
0.24
0.23
0.60
-0.02
-0.34
1.00
5.35
9.72
-2.70
2.47
0.41
3.11
2.09
-0.21
-0.51
3.07
1.07
0.70
3.69
3.80
-1.06
3.01
3.09
3.28
0.58
1.06
3.42
3.31
-1.13
2.21
4.81
1.87
0.65
4.06
0.72
-0.37
0.79
1.23
-1.39
0.59
1.51
1.53
4.49
3.49
3.03
0.62
-0.23
3.15
0.10
1.29
0.87
2.04
2.29
5.72
0.53
0.08
-1.84
1.07
3.99
-3.43
3.30
4.52
0.15
2.74
3.28
5.82
3.01
-0.57
1.48
0.70
0.80
1.25
0.85
-0.55
1.94
-1.78
2.82
0.57
3.96
3.70
2.91
0.85
2.47
3.74
1.26
1.70
4.33
3.05
1.62
3.00
1.92
0.80
-0.16
-0.41
2.12
2.34
0.48
2.90
2.31
3.95
4.54
1.14
2.04
3.52
4.24
2.97
2.63
1.30
2.15
1.05
-0.29
4.36
3.64
2.48
2.57
1.87
0.43
1.86
1.19
2.69
1.04
2.71
1.60
5.36
4.31
5.34
2.15
2.05
0.30
1.23
4.70
3.59
1.31
0.71
0.38
3.85
5.38
2.61
2.97
1.77
3.10
4.07
2.22
0.66
2.24
2.00
2.84
2.05
3.35
-0.63
2.33
2.84
1.44
4.34
5.88
3.52
1.33
0.65
2.73
0.70
2.76
3.99
2.28
3.41
1.42
2.18
4.69
1.15
1.78
2.44
1.72
3.00
3.80
2.36
0.28
0.06
4.54
5.32
5.00
0.28
0.92
4.27
3.08
4.66
3.35
2.49
1.45
3.33
5.27
3.36
3.49
4.20
3.82
3.86
3.86
4.03
2.07
4.60
3.50
2.45
4.30
3.81
2.74
1.21
2.92
4.38
5.04
3.42
2.99
4.29
2.47
-0.01
3.68
2.95
0.57
-0.27
1.37
0.84
2.83
4.05
0.38
3.65
3.05
0.63
3.99
4.14
3.59
3.30
2.23
2.24
1.20
1.68
-0.10
3.24
1.77
3.50
3.87
4.46
3.16
-0.00
1.93
3.34
-0.13
1.03
2.65
3.18
3.57
3.52
1.18
1.71
0.79
1.88
3.41
1.34
1.78
3.77
3.79
2.88
4.55
3.19
1.64
1.47
3.97
3.60
0.60
2.15
2.29
0.71
3.80
2.09
2.55
4.94
1.39
3.21
4.85
2.97
4.05
0.26
0.40
0.42
5.30
3.73
0.36
3.23
0.72
3.51
1.35
1.33
4.39
1.72
3.94
3.25
4.60
3.24
0.88
1.33
0.52
3.93
0.26
2.91
2.18
2.40
3.32
4.24
0.42
3.49
3.21
3.83
2.16
3.96
2.60
2.85
2.85
2.04
2.40
1.02
5.16
3.55
1.24
1.56
1.98
2.74
2.28
1.19
5.70
4.95
1.75
1.44
2.64
-0.31
1.29
2.34
1.81
0.31
3.12
3.38
1.56
2.73
6.01
2.26
3.14
0.86
2.15
0.69
2.07
2.19
4.35
0.95
1.03
2.01
4.49
2.13
1.99
3.29
2.54
4.45
2.17
2.71
2.87
1.25
1.69
2.80
1.20
-0.43
2.81
5.17
3.67
3.98
4.22
4.61
1.59
4.58
3.80
4.03
3.81
2.66
0.50
4.11
3.26
2.84
2.94
0.74
2.95
3.68
0.33
2.05
3.84
0.88
2.92
2.75
2.38
1.87
3.09
3.01
4.03
4.17
-0.28
1.85
5.54
0.42
2.22
3.32
-0.92
3.27
5.59
3.07
2.67
3.42
1.25
4.02
3.72
2.50
3.64
2.60
4.01
4.59
3.26
3.63
1.80
3.11
2.52
3.00
2.85
3.01
2.82
3.51
3.00
4.58
5.10
3.08
-0.09
3.21
2.20
4.06
4.02
3.79
0.87
2.41
3.81
4.75
2.62
3.85
1.83
2.38
3.36
3.02
3.54
0.76
1.04
1.65
3.52
2.96
2.16
1.44
4.10
1.31
1.10
2.77
2.58
4.14
4.08
4.78
2.34
2.42
2.67
3.83
3.06
2.07
3.88
4.57
2.40
2.69
3.19
4.75
4.45
4.23
3.23
3.62
3.75
4.19
3.26
3.06
2.19
2.53
3.74
1.43
0.94
3.37
4.66
3.09
3.91
3.62
2.69
0.01
4.66
1.81
2.50
0.56
4.66
2.64
2.51
0.47
0.70
3.84
3.00
1.62
1.52
4.22
2.88
1.60
1.00
5.69
3.50
4.30
0.12
1.90
1.94
0.89
4.55
3.12
5.23
3.28
0.76
0.27
2.14
3.69
5.88
2.67
3.42
2.89
2.89
4.77
3.64
3.48
3.31
2.85
4.18
2.37
1.78
2.60
2.01
1.54
1.94
2.63
4.28
4.46
3.03
3.54
1.53
0.55
4.05
4.21
0.24
0.66
2.02
1.72
3.99
4.11
3.89
2.22
4.60
4.13
3.87
0.08
4.39
0.26
2.79
3.96
-0.01
3.34
0.99
1.42
1.73
1.87
1.89
1.21
3.07
-0.82
0.56
4.44
0.46
-0.48
2.10
3.76
4.00
3.03
0.53
3.35
-0.44
0.08
1.10
-0.28
3.50
1.32
4.54
2.78
0.97
3.40
0.73
1.23
0.51
3.11
1.94
1.07
3.43
1.28
0.16
2.35
-0.12
2.27
1.64
2.21
0.81
2.70
5.35
4.02
3.83
3.31
1.35
1.79
0.21
3.67
0.92
2.48
1.82
1.94
1.87
2.81
2.36
1.84
1.73
0.40
2.61
2.44
1.85
3.52
3.32
2.08
3.68
0.94
2.99
3.47
2.61
2.89
4.23
1.84
2.94
2.74
2.69
3.86
1.01
0.12
-0.18
1.07
2.43
2.03
0.48
1.73
1.00
1.70
3.12
1.96
3.42
2.09
3.37
-0.11
0.07
2.42
2.86
-0.07
4.73
2.82
2.46
4.50
3.44
4.50
3.40
3.93
-0.17
2.36
1.67
-0.16
0.88
1.37
2.52
1.93
2.01
1.82
4.02
3.45
2.93
1.79
2.17
3.49
2.51
1.95
1.24
0.42
-0.52
2.29
0.24
4.77
4.22
1.90
2.50
1.87
4.35
2.50
1.41
3.75
1.31
3.65
3.10
0.36
1.93
1.43
4.49
3.83
3.23
1.75
3.83
2.81
1.43
3.79
3.34
3.88
1.52
1.88
4.05
3.49
3.50
0.85
2.10
1.68
0.93
3.50
0.80
2.69
1.66
3.19
3.52
2.48
1.21
3.54
0.89
5.22
1.60
0.51
1.47
1.76
1.45
1.53
3.26
2.80
2.27
1.93
1.84
0.27
3.12
3.70
4.35
2.60
3.45
1.83
0.83
2.92
2.57
2.57
3.68
1.11
1.02
4.06
2.22
4.43
2.33
3.60
4.21
4.04
0.20
1.34
5.26
1.97
2.15
4.75
2.51
0.94
1.30
2.96
1.29
2.13
3.52
-0.52
-0.88
-0.11
1.77
2.07
2.40
1.62
3.03
1.49
3.90
2.32
0.62
1.35
3.70
3.84
3.61
1.06
3.90
0.28
1.21
-0.48
3.19
-0.14
1.98
2.47
1.64
5.31
3.99
3.21
1.61
2.06
6.24
5.03
3.00
2.81
2.89
4.69
1.20
2.98
4.23
3.43
1.04
2.06
2.16
0.94
3.06
4.63
1.38
3.09
3.19
3.19
1.17
1.62
0.75
2.07
2.77
2.83
-0.27
3.78
2.87
4.72
4.82
3.23
4.52
3.35
1.93
1.78
3.93
2.58
1.54
4.86
0.92
0.25
3.58
3.44
3.35
4.08
0.63
0.93
0.23
1.99
3.49
1.58
2.94
1.72
2.26
3.87
2.79
2.30
2.76
4.76
0.08
2.28
1.22
4.77
2.60
0.33
5.44
1.64
3.25
4.30
2.48
0.90
3.31
2.90
1.58
2.86
1.50
2.23
1.68
4.95
5.96
4.32
0.35
1.33
3.95
4.98
4.14
2.54
2.60
1.95
4.67
3.39
3.18
3.60
0.65
2.10
3.14
1.43
2.59
2.66
0.36
4.39
1.12
0.43
1.98
1.95
1.66
1.94
2.42
2.61
2.94
1.94
0.62
1.96
0.46
2.84
2.41
2.27
1.17
1.62
2.96
1.10
2.40
2.23
1.90
3.90
1.58
1.02
3.24
1.22
0.77
1.47
4.38
3.45
3.48
0.61
4.38
3.64
5.10
4.10
3.34
0.88
3.45
1.22
3.44
3.99
1.63
1.70
1.58
2.99
2.69
3.68
2.79
1.43
1.27
4.09
3.54
4.81
2.05
2.40
2.07
0.65
2.88
1.12
2.08
3.78
3.66
1.75
3.17
2.21
1.91
1.81
0.82
2.97
2.03
0.35
3.14
1.02
3.58
2.34
3.64
1.83
0.79
3.28
1.46
0.85
1.22
3.12
2.23
3.81
2.85
1.12
0.66
1.38
3.85
1.78
2.49
1.65
3.13
1.42
0.56
-0.63
0.75
4.41
3.79
3.04
2.38
4.06
4.84
4.18
3.91
3.64
3.96
5.39
3.64
5.12
4.06
3.57
3.87
1.02
1.03
3.32
2.34
1.45
0.90
0.99
1.31
3.62
2.19
3.04
0.80
2.13
3.74
3.74
3.74
4.46
3.74
3.14
3.23
3.39
3.60
0.22
4.63
5.18
6.18
4.45
3.83
5.01
3.41
1.57
3.03
2.44
0.58
2.49
3.80
1.72
3.67
1.88
1.58
3.56
1.97
2.26
0.00
1.22
3.09
1.24
3.82
1.09
1.46
1.32
3.35
0.86
0.96
-0.11
1.28
-0.18
4.46
2.34
1.81
0.95
0.43
1.80
1.35
3.30
0.01
1.74
0.49
1.16
1.63
1.63
2.39
3.37
2.56
3.05
1.94
0.51
0.16
1.13
1.13
0.74
0.94
1.67
2.07
3.53
3.63
4.98
2.64
3.85
-0.21
3.14
3.23
3.67
1.94
0.35
5.91
4.21
3.37
2.28
1.09
3.66
2.90
2.09
2.60
1.87
1.04
1.15
2.09
0.84
1.82
3.15
1.02
1.77
3.13
0.45
4.41
3.39
3.39
2.18
2.18
4.91
3.50
3.53
3.53
3.29
3.12
2.84
4.54
4.49
4.48
3.77
4.73
4.97
0.69
3.93
2.73
4.32
3.93
2.12
2.14
3.56
2.78
0.48
2.24
5.09
-0.48
3.93
4.71
2.70
0.27
0.00
0.69
0.69
3.65
0.46
2.21
3.83
4.30
-0.25
2.80
3.64
3.66
1.62
4.49
4.73
5.05
3.09
-0.58
2.91
1.44
1.44
3.73
3.50
3.50
4.16
1.69
4.40
1.83
3.48
2.81
0.84
2.20
5.17
3.90
4.01
3.96
3.52
3.57
3.40
0.57
2.63
0.30
1.78
4.05
3.95
2.29
2.80
1.27
4.09
1.88
3.15
2.00
2.33
2.35
2.73
2.58
3.96
3.79
1.69
2.31
0.69
3.16
2.53
4.03
4.42
1.64
3.15
0.95
3.07
1.93
1.88
5.34
4.06
3.72
0.06
0.86
3.53
3.90
3.88
3.66
1.98
0.96
1.05
1.31
3.96
4.82
4.36
1.04
3.86
4.43
1.10
4.34
3.14
3.24
1.57
3.78
4.71
5.11
0.66
4.56
4.71
5.57
5.08
4.76
4.94
1.19
1.19
1.52
1.53
2.45
1.65
3.08
1.71
2.39
2.30
2.12
2.77
2.52
2.77
1.61
4.50
1.03
1.79
1.49
2.90
0.94
6.25
3.09
1.06
3.81
1.69
1.25
1.83
1.04
1.64
1.61
2.81
3.01
2.04
1.93
1.40
2.23
3.37
3.02
2.07
3.28
3.85
2.93
2.80
0.07
-0.70
2.74
4.22
5.76
0.13
0.61
1.39
0.38
2.79
-0.17
3.21
0.16
-0.11
2.52
1.18
1.32
2.80
1.59
3.43
1.02
4.48
3.77
2.83
3.47
5.18
2.49
3.78
1.69
2.89
2.83
3.79
2.35
2.84
0.64
2.43
1.81
2.57
2.89
4.25
1.09
1.68
1.04
0.95
3.30
2.87
3.23
0.99
4.34
4.34
0.61
1.25
3.81
4.07
4.90
4.53
2.66
3.74
2.36
1.07
2.07
1.89
0.87
3.65
5.12
1.22
2.62
2.43
5.20
4.19
3.89
1.06
1.73
3.90
1.09
1.71
1.35
2.29
6.10
3.59
4.28
2.60
3.66
4.19
0.31
-0.81
3.14
2.63
3.48
2.26
3.04
0.41
3.37
3.35
3.29
2.43
2.58
0.76
4.69
1.31
-0.38
-0.20
0.79
1.18
1.91
2.38
1.31
2.00
2.17
0.61
0.63
2.37
4.39
1.91
2.10
2.90
0.76
-0.55
2.68
4.38
4.90
2.61
3.61
2.45
4.68
2.84
3.12
3.38
1.30
3.38
3.21
2.65
0.96
1.89
0.53
1.43
3.33
3.33
2.01
1.74
1.51
0.18
3.95
2.58
1.12
3.27
1.01
0.77
0.92
2.03
1.75
2.96
2.74
2.58
2.15
2.84
2.05
2.48
0.69
2.64
0.92
2.10
3.90
0.95
3.54
2.48
2.90
2.21
1.96
0.81
0.32
0.37
4.42
4.08
3.67
3.83
3.75
3.12
1.20
1.20
2.62
3.99
3.51
3.02
2.68
4.30
1.53
3.79
1.51
1.88
3.55
2.96
3.02
5.13
3.90
3.45
2.62
3.35
0.64
3.10
3.16
1.81
2.23
2.71
3.72
3.65
3.13
2.45
-0.07
0.10
3.38
-0.34
0.05
2.64
4.37
1.26
0.78
2.77
0.70
0.55
3.92
0.17
5.29
4.83
2.33
4.70
5.01
2.90
4.51
4.62
3.10
3.45
3.58
0.12
3.98
1.22
1.33
2.27
2.12
4.07
0.10
3.28
0.98
0.87
1.40
3.17
2.60
1.53
0.19
1.09
0.44
1.18
0.80
3.29
1.71
2.65
2.24
1.26
1.06
0.99
2.56
1.58
1.28
-0.31
1.07
1.97
-0.30
-0.34
-0.58
1.60
-0.33
5.39
2.94
-0.10
4.39
3.42
1.92
1.84
2.79
2.08
4.39
2.77
4.37
2.07
2.44
3.47
4.29
1.15
3.41
3.90
5.60
2.49
4.45
5.38
5.17
4.73
2.99
2.74
4.24
2.53
2.39
2.45
5.75
3.77
3.32
3.58
4.09
1.01
2.10
1.15
2.24
2.17
-0.15
3.05
2.31
1.14
0.68
1.80
3.12
2.30
2.03
2.93
2.41
1.72
5.09
3.32
2.93
2.33
2.41
1.91
2.50
1.83
0.14
0.34
4.76
-0.33
1.30
2.44
-0.13
2.35
0.88
4.48
4.37
0.28
3.13
3.15
2.02
0.67
2.89
2.86
4.12
3.86
3.05
4.12
0.88
1.85
0.91
2.26
1.02
2.19
3.08
-0.43
3.92
3.18
1.43
3.25
3.77
3.09
2.98
3.11
3.99
3.60
2.01
3.17
4.32
4.09
2.05
0.58
3.20
1.15
0.06
2.68
1.22
1.78
2.39
-0.10
5.32
3.45
3.09
1.85
0.75
4.43
3.17
3.13
3.81
1.35
1.35
3.39
4.16
1.41
0.79
3.16
3.00
3.67
0.64
0.69
2.09
0.61
3.18
4.45
2.70
2.59
2.86
2.94
0.52
1.46
1.63
1.64
1.84
3.51
2.03
0.16
0.46
4.76
0.15
3.84
3.22
0.37
3.23
6.17
3.14
0.82
5.53
1.31
-0.07
4.16
1.82
3.17
3.58
3.04
4.68
2.62
2.45
-0.21
-0.90
0.91
3.41
1.91
0.33
4.71
1.07
0.59
1.78
2.68
1.93
1.40
2.38
0.87
2.52
3.42
4.41
1.86
1.88
-1.30
4.12
0.43
0.59
1.30
3.21
1.11
0.86
2.50
4.56
-0.14
0.72
-0.66
1.17
1.21
0.28
2.70
3.79
2.71
0.28
1.48
2.20
-0.40
4.76
3.79
3.59
2.08
2.97
2.21
1.44
0.92
1.61
3.04
2.68
2.48
2.51
6.03
2.43
1.77
0.59
5.11
4.11
3.50
3.20
5.54
1.52
4.96
2.39
4.25
2.20
3.75
3.53
0.76
0.76
0.66
2.27
4.12
3.60
3.38
3.50
3.39
4.53
0.46
4.01
2.76
4.31
4.37
5.01
2.56
2.12
3.82
3.05
3.05
4.46
0.39
3.09
4.48
3.93
3.97
5.66
4.92
4.54
5.68
4.73
5.15
4.24
2.20
3.92
2.39
1.55
0.88
2.92
2.59
2.59
3.77
2.31
1.48
1.87
2.35
4.52
1.03
1.34
2.77
3.39
5.12
1.51
3.21
1.75
1.46
1.22
3.53
2.26
2.68
1.00
2.33
1.49
-0.21
3.75
1.25
1.35
0.02
0.91
2.59
0.84
1.20
2.83
3.02
3.21
3.57
1.37
2.86
0.11
1.60
3.24
2.51
0.23
0.75
-0.06
1.48
3.43
2.05
1.05
4.79
1.95
3.76
1.30
0.88
2.01
2.18
2.32
3.40
0.74
1.04
3.22
3.79
4.03
3.45
3.20
5.96
0.50
2.27
4.45
3.14
0.99
3.70
4.29
2.40
5.25
2.31
-1.82
4.46
5.00
4.94
4.25
4.24
-0.60
4.22
-1.17
-1.95
1.38
-1.05
2.46
-1.24
-1.01
0.56
-0.14
-2.39
-2.01
-1.12
-0.60
1.59
-3.31
-2.24
0.04
-0.86
3.75
0.59
3.80
3.82
4.45
4.00
1.26
2.45
1.93
5.59
4.01
2.94
-0.25
2.30
4.95
2.62
3.54
1.24
6.80
3.21
-1.46
-0.82
3.31
2.20
1.58
4.53
3.07
3.75
3.94
6.37
2.57
3.73
3.09
0.45
6.41
0.02
3.45
5.44
0.37
4.70
3.77
4.50
3.94
0.98
2.27
3.05
4.27
1.63
4.16
-0.39
1.99
2.06
0.60
5.23
3.44
3.64
3.93
-0.97
2.47
3.49
4.02
2.44
2.53
3.58
3.98
3.17
3.43
1.14
4.98
-3.64
2.36
2.09
4.02
3.81
1.21
3.47
2.56
1.94
1.65
2.09
1.62
4.22
2.51
3.99
3.05
2.83
1.81
5.63
3.07
2.27
3.73
3.53
0.01
4.52
3.66
3.32
1.81
3.78
1.56
4.27
-1.42
2.86
0.08
4.96
3.75
3.21
2.86
4.28
1.44
5.08
4.69
3.15
5.75
4.45
-0.78
1.90
1.74
1.61
-0.47
1.71
5.66
2.73
3.28
2.48
4.08
4.71
4.16
4.26
3.45
3.87
5.92
1.06
5.20
2.68
3.86
1.79
3.79
1.49
1.51
0.82
-0.59
5.48
1.73
-1.20
2.76
3.03
-0.75
5.44
-0.17
-1.79
6.10
-1.52
5.23
3.97
4.36
4.51
0.85
2.69
3.35
-0.34
2.12
2.68
1.61
2.88
3.25
3.29
2.02
4.50
3.39
3.17
3.78
3.54
2.66
2.73
3.94
3.71
2.42
-1.01
0.11
1.35
2.22
2.75
2.56
-1.84
3.66
4.67
-1.53
5.29
3.93
0.04
0.33
3.01
1.99
3.80
-1.81
3.37
4.35
-0.70
5.38
2.09
0.23
2.27
-2.98
-2.51
-0.65
-0.39
1.03
-1.06
0.48
5.64
0.01
1.99
4.20
3.61
4.16
-0.55
-1.05
-0.63
-0.04
3.85
5.44
0.13
1.43
2.98
4.98
5.22
4.94
2.57
4.51
2.07
4.44
3.93
2.49
4.12
4.74
3.61
4.17
3.72
3.64
4.70
1.42
1.71
3.69
1.93
2.88
4.38
4.67
5.53
4.74
3.98
2.81
3.64
1.85
3.31
3.84
4.17
3.13
3.93
2.62
-0.62
2.38
3.22
1.35
2.22
1.09
-1.39
4.03
2.99
3.50
3.29
1.75
4.64
2.98
3.59
3.61
-0.00
-0.64
5.76
3.89
4.74
4.12
2.71
5.12
4.28
4.39
4.72
4.08
5.35
5.18
2.22
5.11
6.27
4.18
3.61
1.01
-0.95
2.10
0.61
2.26
1.91
1.24
2.54
1.69
1.37
1.77
1.51
-0.25
-0.09
-0.08
2.81
1.91
-0.05
1.72
9.94
0.45
1.08
-0.94
2.35
-1.28
-0.14
-4.00
-1.31
4.09
4.37
-1.04
1.85
1.92
3.34
2.32
1.96
2.07
2.22
4.07
3.90
4.00
5.72
3.50
2.35
1.49
0.79
3.96
2.48
1.62
4.22
2.72
0.58
-1.36
-0.55
3.57
1.92
3.86
-0.92
-0.09
4.47
2.37
3.59
0.65
-0.07
4.14
2.89
-0.21
3.03
2.18
3.03
-0.55
3.07
3.00
0.58
1.69
-1.00
1.12
2.28
2.60
2.26
1.59
1.30
2.09
3.25
-0.20
0.82
-1.50
3.15
0.29
-0.97
-2.28
-2.32
0.11
-1.27
-0.34
-1.93
5.38
-0.09
0.52
-3.27
4.29
1.69
7.17
4.98
5.62
0.84
-1.84
-1.50
2.60
-1.78
1.31
-2.63
0.71
0.37
2.07
1.42
4.07
3.74
-1.37
-3.59
2.82
2.23
0.66
3.58
3.18
1.96
0.70
0.13
4.12
-0.08
-1.95
1.03
-1.45
0.08
1.03
3.14
3.13
-1.97
-1.50
-1.30
-1.31
-1.96
-2.46
1.91
2.88
0.04
5.10
2.69
2.73
3.51
1.28
-1.69
3.11
1.55
8.30
3.85
1.91
2.08
2.04
0.39
4.16
-1.48
-0.25
-2.57
0.36
4.24
-1.37
8.26
4.27
-1.47
-1.36
5.09
10.25
3.15
6.19
9.16
2.40
4.08
-1.97
-1.95
6.73
3.77
2.90
-0.58
3.06
3.91
8.65
0.65
-1.01
5.89
0.89
6.03
4.46
3.10
3.28
3.39
1.73
2.47
2.10
4.57
6.79
-2.98
2.78
1.22
-1.49
4.94
0.89
4.05
0.50
1.98
8.16
1.82
0.96
0.49
9.68
2.68
2.85
1.32
4.40
5.59
-1.13
1.57
0.65
1.91
3.23
2.73
2.31
3.94
5.03
2.66
0.65
5.30
2.16
3.65
4.68
2.30
8.64
3.34
3.23
3.32
1.55
0.29
2.20
-3.02
3.64
2.56
3.42
2.75
1.76
5.11
-0.32
6.17
3.14
-0.94
6.92
0.78
4.67
3.36
6.50
3.12
2.07
-0.06
2.58
5.02
2.52
0.85
3.10
-1.06
-1.14
3.84
-0.13
3.96
5.65
4.82
2.06
2.79
1.94
3.39
-1.00
3.37
1.47
3.28
1.26
3.58
3.28
3.46
2.53
5.71
2.25
-1.51
4.50
4.47
3.91
3.74
-0.38
3.45
2.55
4.91
4.65
3.87
0.69
2.02
5.73
3.87
1.73
3.94
1.43
2.24
1.25
1.00
2.13
-1.60
3.20
1.78
3.86
3.62
-1.23
2.91
3.14
-1.79
6.42
-1.53
3.12
3.86
1.48
1.82
-0.17
4.63
3.09
-0.06
3.73
3.14
4.52
4.20
3.71
-2.96
2.72
4.21
2.49
3.14
-0.46
2.03
0.37
2.69
6.28
-1.80
2.43
1.62
-2.93
-3.72
3.43
2.97
5.46
-0.27
1.43
4.16
2.72
-1.26
2.77
-1.13
3.52
3.33
0.80
2.50
4.34
2.76
3.07
-2.41
2.27
2.88
1.43
1.78
3.30
3.44
6.89
2.61
0.08
3.66
2.97
0.95
2.42
2.72
0.76
2.86
6.08
2.82
6.23
2.18
2.93
4.55
1.39
2.96
4.15
2.95
1.83
4.47
3.58
3.29
3.98
3.39
-0.51
3.80
2.61
2.37
1.16
1.90
2.21
0.74
-0.41
0.82
4.84
5.62
2.98
2.23
3.04
2.85
2.45
3.10
3.95
0.64
-2.35
3.77
1.28
3.87
-1.69
4.58
3.53
6.78
3.13
4.63
4.51
-1.11
3.98
2.23
0.50
4.84
-3.50
2.05
1.08
2.32
4.63
0.25
-0.55
3.61
2.69
1.50
-1.43
2.21
4.72
3.40
3.01
2.29
4.06
4.04
1.24
1.97
2.18
3.78
2.78
2.07
-0.87
2.42
2.37
3.24
-1.65
1.43
-1.85
3.53
5.02
3.16
4.24
1.17
4.28
8.31
2.99
2.82
2.78
2.45
2.79
-0.46
4.48
3.51
4.38
1.56
4.40
-0.02
4.40
-3.16
2.38
5.13
-0.52
2.75
4.31
-2.63
3.66
3.70
4.90
0.93
1.88
-0.96
2.59
1.77
3.17
4.47
3.68
-0.88
1.59
4.23
3.05
1.39
4.41
3.43
1.31
3.34
4.42
2.40
4.31
3.11
1.60
2.81
3.63
5.89
-1.97
0.90
-1.65
2.56
2.41
4.63
5.20
3.22
3.65
3.66
2.43
0.25
2.93
-0.59
3.65
1.16
-0.86
2.19
0.74
3.47
2.85
1.67
-0.11
3.94
2.55
2.82
4.03
1.69
3.39
3.91
1.66
3.95
1.75
4.66
3.32
3.71
0.64
2.71
4.74
2.42
2.68
2.32
3.00
1.33
3.26
2.41
4.13
5.51
1.31
0.26
3.19
2.68
4.68
-0.12
2.36
1.87
4.91
5.03
4.15
1.32
3.14
1.04
0.63
2.08
2.14
5.97
-3.00
-0.66
-0.49
2.49
4.25
3.81
1.68
3.90
3.03
3.51
1.77
3.64
2.78
2.87
3.77
2.67
2.78
4.01
1.79
3.71
2.03
2.40
3.53
3.42
1.22
3.98
4.75
-0.90
0.17
4.84
-1.45
-0.17
3.18
5.34
1.02
4.10
4.99
4.97
3.69
7.23
1.85
4.66
3.74
1.88
4.24
1.39
2.37
0.71
1.09
2.53
3.66
2.67
4.30
0.92
1.25
4.90
2.78
4.25
3.86
1.36
5.32
2.39
4.39
4.58
2.80
2.56
2.05
-0.42
2.62
7.36
1.79
2.98
2.34
-0.61
2.05
3.55
0.13
0.50
0.83
3.65
3.09
1.47
5.35
2.24
-1.58
-0.82
-1.04
3.14
2.07
-0.48
2.02
1.02
3.19
5.59
2.07
0.97
6.56
1.19
4.93
3.60
2.38
6.56
2.58
3.15
4.59
1.67
1.32
1.13
-2.14
1.55
2.86
3.44
2.01
4.35
3.62
0.97
2.15
2.53
6.48
4.28
3.03
3.51
2.74
3.00
1.51
2.64
3.57
7.24
2.93
3.38
4.40
2.35
2.68
-0.85
3.69
1.08
3.23
4.60
3.57
3.10
2.36
2.96
5.50
-0.43
3.72
3.60
7.41
3.48
2.39
2.05
0.72
6.24
3.67
2.09
1.67
3.79
0.71
5.10
0.24
4.15
1.55
6.21
3.28
3.32
3.10
-1.08
3.95
0.49
4.04
2.97
1.96
3.52
3.20
3.70
1.30
2.88
5.06
0.44
2.57
2.12
1.79
5.81
3.87
2.79
1.66
2.80
-0.77
4.50
5.77
-1.21
3.77
3.40
1.44
5.47
8.66
2.07
2.86
1.37
2.33
-2.61
3.36
2.66
1.39
1.36
0.53
2.86
5.50
3.78
2.95
5.01
0.45
6.36
3.40
2.53
3.87
2.90
3.84
3.12
2.93
2.28
5.11
0.72
1.58
3.50
1.64
6.01
4.28
3.29
5.53
4.16
0.27
5.06
2.39
2.48
5.15
1.83
2.87
1.02
2.04
4.03
0.48
1.51
1.37
3.16
0.65
3.07
-0.17
1.76
3.83
3.47
4.49
4.67
4.92
4.03
4.50
4.28
3.35
-2.98
1.85
2.03
3.75
2.88
5.60
2.69
5.52
6.94
4.00
4.65
3.77
5.75
5.21
2.48
1.10
0.24
2.39
2.99
2.99
1.16
0.94
1.23
7.77
5.00
1.13
3.45
3.57
0.81
2.86
5.62
-1.10
3.42
3.45
2.40
1.76
1.58
3.75
4.30
-1.69
2.86
-1.28
1.69
3.94
3.06
1.51
5.85
4.30
3.04
-1.95
3.95
3.05
1.74
4.75
0.82
-1.23
4.45
1.69
2.36
3.49
3.24
4.48
4.42
1.10
0.83
3.29
3.06
3.73
2.94
3.16
1.00
3.78
1.19
3.68
-1.66
0.78
-2.41
4.93
1.14
5.14
2.02
6.35
5.95
2.91
0.70
0.09
3.71
5.67
1.24
5.45
2.85
0.82
4.09
4.65
4.34
5.26
3.04
3.90
1.88
-0.05
5.09
2.81
-1.35
-3.10
1.26
-2.47
2.08
1.27
-2.52
3.04
3.70
0.87
4.69
0.60
1.84
3.93
3.21
-1.28
3.33
0.94
2.68
-0.95
2.68
2.48
4.74
0.44
2.20
2.92
0.49
3.16
2.66
-0.89
3.28
0.63
-2.07
4.00
3.36
1.82
4.68
1.56
-0.89
5.34
3.12
1.02
-2.50
0.58
4.78
2.88
4.43
3.58
1.35
4.53
-0.61
-0.77
4.10
3.52
2.90
5.58
2.66
0.32
2.00
4.07
-0.92
5.16
5.05
5.64
0.82
1.35
4.78
3.38
-3.06
-0.72
4.72
4.63
4.33
4.34
1.93
10.74
-1.15
3.67
3.96
3.80
-2.10
2.90
-0.52
1.75
3.26
4.69
3.14
1.09
3.04
2.09
5.56
3.03
4.55
1.01
0.90
4.87
4.24
4.83
4.85
4.12
2.95
2.12
3.84
4.04
6.37
1.80
3.00
3.37
2.74
2.79
3.71
3.74
3.42
4.03
-2.09
3.39
2.41
4.24
5.03
1.83
3.38
3.08
4.60
0.65
1.88
3.01
3.20
10.06
0.60
4.33
2.23
3.08
1.91
2.76
-1.00
-2.03
4.56
-0.67
3.14
1.91
2.59
2.81
-2.65
3.10
-2.16
-2.31
1.62
3.16
2.04
5.97
2.35
8.23
1.29
4.02
-3.59
5.09
2.14
-1.26
1.75
3.88
6.40
4.63
2.61
4.01
4.60
6.54
2.89
3.61
4.18
7.68
-3.14
4.83
3.08
5.39
5.77
3.77
2.45
3.21
3.52
6.62
1.69
4.49
3.27
0.79
0.47
2.41
2.38
0.28
4.42
4.11
4.15
3.86
5.16
2.65
2.04
-0.94
4.36
2.82
3.60
2.04
6.72
5.73
2.38
2.04
2.95
8.44
3.80
3.44
-0.89
5.02
5.12
3.41
2.61
-2.83
1.52
1.40
3.63
4.27
3.98
4.34
2.48
1.97
2.71
4.19
3.76
2.75
3.19
4.01
2.28
-0.21
2.59
4.78
1.87
3.73
4.57
3.69
0.19
6.32
4.07
4.81
3.82
4.11
3.45
-0.83
3.26
1.14
-0.63
2.79
5.34
3.85
2.25
2.54
2.43
3.00
-0.76
-0.87
3.40
3.68
-0.01
2.98
2.82
5.85
0.62
1.76
4.56
-0.24
2.80
-2.65
0.41
2.59
0.13
2.87
4.03
2.15
1.73
2.87
2.63
4.53
-2.27
3.17
4.86
3.58
3.11
-1.45
4.91
7.30
1.24
2.24
3.57
6.11
5.70
2.37
3.10
1.58
3.43
7.84
6.12
0.21
1.85
4.02
2.81
1.45
2.35
1.95
3.63
4.71
3.04
-0.82
1.49
4.63
1.83
5.29
1.93
0.25
4.06
4.40
6.55
-1.32
5.12
2.10
-0.11
0.58
1.30
6.99
3.90
1.77
3.76
-1.11
-2.47
3.54
4.38
-1.31
-0.20
2.68
2.14
-3.35
6.12
3.60
3.76
4.65
-2.86
-1.36
5.13
5.98
5.64
4.71
-1.33
3.85
1.66
1.67
1.08
2.94
2.23
4.26
4.44
4.07
2.58
2.18
4.30
-0.18
0.58
1.82
3.56
3.53
2.52
0.25
1.40
3.18
2.56
2.56
-2.41
2.46
1.99
1.90
3.60
-0.44
4.23
3.67
2.11
4.42
2.76
2.43
0.89
-0.20
2.35
3.55
3.13
1.29
0.62
3.25
5.93
3.33
1.31
2.75
-1.21
3.00
-3.18
0.25
-0.16
3.39
-0.82
0.06
1.88
0.93
2.24
0.17
0.97
-1.14
3.53
5.29
3.90
5.46
3.20
3.03
3.01
2.98
0.24
0.12
-2.67
-2.41
4.94
4.28
5.29
3.24
5.78
4.78
4.64
1.65
3.89
4.79
4.79
3.42
2.04
1.96
4.75
3.51
-2.05
7.14
-0.89
1.03
1.09
1.67
4.71
4.77
1.08
3.20
5.73
3.48
2.53
4.87
-2.29
6.55
1.46
-0.03
1.72
2.42
4.51
3.92
4.60
-1.91
1.90
1.23
2.85
4.20
1.97
2.31
1.55
0.37
2.70
-1.97
1.82
-1.03
4.74
-0.64
3.66
2.30
10.82
3.68
4.05
7.68
3.55
4.49
-1.59
2.72
5.45
-0.13
3.26
4.41
6.79
3.93
2.09
0.50
3.48
4.04
5.20
3.87
3.03
2.27
2.17
3.65
-1.31
4.20
0.63
6.35
-1.80
2.26
1.77
9.58
-0.49
3.90
2.96
1.31
5.10
1.57
4.00
-0.06
3.33
5.45
-2.05
5.28
0.11
3.30
3.03
5.00
5.34
7.00
5.92
1.77
-2.12
2.87
3.33
0.82
3.64
4.24
4.41
-2.25
1.33
2.19
4.06
3.04
1.79
5.05
1.39
1.52
2.74
0.60
1.95
-2.16
0.78
3.98
-0.55
6.94
3.39
3.18
2.52
2.15
3.09
5.01
5.05
0.44
-0.80
-2.47
4.69
-0.84
-2.98
4.76
2.37
-0.53
-1.87
4.49
2.88
3.24
1.85
5.22
0.72
3.64
3.01
2.60
0.64
6.32
2.18
2.54
-2.59
3.76
-2.57
-0.18
3.30
2.21
4.43
-2.01
1.71
4.06
-3.49
0.10
4.79
4.13
-0.36
2.82
1.64
1.47
0.24
-0.28
-0.15
2.51
0.45
2.37
0.47
1.84
2.45
2.22
3.58
2.09
-0.46
3.59
2.62
5.40
3.77
3.14
-0.73
0.57
1.64
3.09
3.24
5.07
2.92
-0.31
3.47
1.19
2.54
3.99
-0.90
2.29
1.88
3.97
0.96
3.75
4.97
3.17
5.50
-1.93
2.80
2.58
-0.81
3.74
-1.01
5.36
-2.72
-1.91
2.65
-2.36
-1.38
-1.98
2.78
0.87
1.43
-0.25
0.13
2.92
-0.22
3.71
0.17
2.33
0.76
1.88
2.82
-0.74
3.13
1.74
1.66
-1.02
0.46
1.94
3.90
3.21
3.52
3.58
6.59
3.70
3.57
-1.61
3.73
2.61
2.69
-1.84
3.40
1.17
2.92
3.97
4.25
2.61
3.36
1.38
5.89
4.26
0.45
4.33
0.40
6.20
7.71
4.59
1.98
-0.77
0.03
5.13
3.44
-0.88
-2.06
-0.99
4.09
3.74
4.09
3.77
3.59
3.14
3.33
4.89
2.27
3.16
2.90
5.53
5.10
5.11
6.74
6.54
2.22
3.85
3.86
3.91
5.25
6.47
8.08
5.28
4.29
3.12
-0.21
-0.78
3.45
7.02
-0.50
2.63
2.78
-1.85
-0.49
2.76
3.46
2.93
1.56
0.87
0.84
2.81
1.22
4.04
4.85
2.12
2.68
3.53
-0.72
0.29
2.12
-0.12
7.96
9.19
-0.50
-1.34
3.09
2.38
6.10
4.45
5.14
3.32
0.23
2.57
2.64
0.36
1.65
-1.13
2.79
2.69
2.99
1.08
1.02
3.48
3.72
3.52
7.27
5.74
-0.92
8.15
5.13
0.39
0.59
4.81
2.41
5.14
4.51
3.04
3.87
4.12
5.23
5.41
4.47
5.55
3.87
6.27
7.21
4.91
4.92
3.97
8.40
2.19
-2.43
10.89
-0.97
0.23
1.26
0.73
-0.36
4.67
3.81
-1.31
1.02
7.18
0.56
-0.95
2.61
2.99
7.09
4.78
6.34
2.63
5.92
-2.97
7.06
8.32
2.94
-1.06
0.41
-1.36
-0.59
9.05
3.96
3.02
0.74
3.62
0.62
-1.51
1.99
-1.20
4.86
3.43
0.84
8.90
-0.37
3.18
2.80
-0.01
8.28
0.47
1.34
6.73
-1.22
6.39
2.85
-1.06
-2.20
3.78
3.93
3.66
3.28
1.32
-0.56
2.89
2.00
7.91
1.93
2.50
2.79
-1.77
2.67
2.52
5.86
