-4.67
-4.65
-5.67
-3.99
-5.31
-4.97
-4.36
-4.92
-5.58
-1.64
-3.22
-0.40
-2.45
0.18
-1.60
-2.30
-1.59
-0.14
-1.88
0.14
-1.97
0.03
0.11
-0.17
-2.02
-6.02
0.66
-0.80
-1.37
-4.80
-5.89
-1.16
0.25
-2.76
-0.18
-0.26
-2.54
-2.02
0.87
-5.26
-1.16
-1.50
-0.27
-2.18
-0.72
-4.29
-5.96
-6.60
-0.90
0.60
-2.35
-3.76
-6.02
0.70
0.26
-4.58
-7.79
-1.02
-2.96
-0.06
-2.65
-6.01
-2.53
-2.05
0.50
-1.07
0.10
-3.24
-4.64
-4.27
-4.03
-4.35
-4.07
-2.48
-1.89
-5.47
-0.24
-1.92
-4.26
-3.31
-3.86
-3.00
-1.78
-2.29
-5.54
-2.55
-1.28
-4.01
-2.34
-5.56
-2.66
-3.20
-1.25
-5.68
-3.04
-4.35
-3.14
-4.73
-3.16
-4.08
-6.81
-8.01
-1.76
-4.69
-2.89
-3.77
-4.74
-5.51
-2.05
-3.38
-6.45
-5.47
-1.88
-4.15
-3.68
-4.11
-2.04
-4.22
-1.67
-2.61
-1.15
-3.75
-2.64
-1.11
-4.15
-3.00
-2.20
-2.18
-3.41
-5.35
-3.47
-2.00
-1.65
-3.59
-1.10
-5.41
-4.76
-3.20
-3.85
-1.18
-2.94
-4.66
-3.55
-4.01
-2.85
-4.39
-2.66
-5.37
-0.03
-1.22
0.93
-2.96
-2.15
-2.93
-2.82
-2.76
-3.71
-3.06
-2.87
-6.28
-3.21
-3.76
0.15
-1.70
-2.34
-4.63
-5.09
-0.90
-3.48
-4.52
-3.84
-2.60
-1.17
-5.93
-0.78
-3.08
-4.82
-4.81
-4.82
-4.71
-3.59
-2.71
-4.40
-4.64
-1.45
-3.04
-3.47
-2.64
-1.53
-2.86
-3.92
-0.94
-3.22
-5.01
-1.52
-1.96
-6.37
-4.91
-4.03
-3.81
-2.57
-2.42
-1.79
-3.18
-1.56
-4.22
-2.72
-3.64
-3.41
-4.79
-0.78
-3.68
-4.36
-1.09
-1.81
-5.17
-1.43
-1.97
-5.48
-4.72
-3.52
-2.79
-2.87
-5.73
-2.98
-0.12
-6.48
-3.77
-6.01
-4.39
-6.06
-1.79
-3.14
0.17
-4.61
-3.26
-1.02
-5.06
-2.30
-3.22
-6.25
-4.06
-1.76
-2.80
-4.00
-2.62
-2.07
-4.81
-4.31
-3.25
-3.31
-2.76
-2.70
-4.73
-1.13
-1.38
-2.38
-1.95
-4.91
-3.07
-4.73
-4.98
-2.81
-4.81
-2.52
-1.41
-4.74
-3.16
-3.78
-2.42
-4.35
-4.47
-0.88
-1.77
-3.79
-2.80
-4.78
-4.54
-5.40
-2.52
-4.76
-0.87
-5.43
-1.92
-3.84
-4.83
-2.64
-5.07
-3.98
-4.40
-5.32
-3.50
-3.47
-4.28
-2.29
-3.97
-3.18
-3.83
-2.76
-6.87
-2.89
-2.29
0.18
-4.14
-5.32
-3.11
-1.76
-2.06
-3.99
-2.39
-3.72
-0.90
-3.90
-3.96
-4.73
-1.65
-4.53
-4.33
-3.29
-1.36
-5.02
-5.04
-2.67
-1.07
-1.62
-3.89
-4.04
-2.67
-2.85
-3.03
-3.17
-3.78
-3.59
-4.94
-0.98
-2.46
-2.35
-4.46
-3.88
-2.74
-3.63
-5.83
-4.72
-5.07
-4.48
-1.01
-4.60
-2.70
-2.47
-2.99
-3.12
-5.08
-7.85
-5.26
-4.43
-3.70
-4.18
-5.00
-4.88
-4.29
-1.07
-2.05
-5.97
-4.88
-8.28
-3.28
-4.20
-5.88
-2.43
-1.83
-2.54
-2.82
0.47
-5.75
-3.49
-3.58
-1.21
-6.16
-1.75
-3.98
-4.69
-3.29
-2.49
-4.93
-5.76
-4.05
-7.32
-4.61
-5.29
-4.94
-4.82
-3.81
-0.46
-4.50
-6.57
-4.07
-4.32
-3.47
-2.84
-4.99
-4.80
-3.95
-5.75
-1.16
-3.95
-6.59
-0.88
-4.64
-1.24
-2.35
-4.47
-1.10
-3.65
-0.71
-2.39
-2.41
-6.00
-5.48
-4.44
-4.61
-3.26
-1.35
-2.32
-3.72
-4.08
-1.92
-5.78
-2.56
0.83
-1.40
-3.12
-3.37
-2.72
-3.11
-3.61
-1.66
-4.79
-3.11
-4.04
-4.53
-3.42
-3.19
-7.63
-1.87
-3.07
-5.33
-2.28
-4.68
-3.51
-2.06
-3.48
-4.03
-2.68
-2.65
-1.96
-2.99
-3.31
-3.96
0.36
-3.55
-1.60
-3.25
-3.93
-4.82
-5.68
-4.64
-3.38
-2.76
-3.92
0.63
-0.15
-2.27
-2.52
-4.29
-1.77
-4.75
-3.78
-3.71
-2.37
-5.24
-4.59
-4.15
-3.15
-4.38
-4.26
-2.30
-1.12
-3.31
-3.66
-4.61
-2.79
-4.70
-5.36
-0.07
-2.94
-4.53
-2.67
-4.34
-5.29
-4.36
-3.94
-4.57
-4.76
-0.17
-4.10
-3.41
-1.17
-1.79
-7.22
-3.06
-1.71
-3.51
-3.92
-5.58
-5.70
-1.28
-4.53
-3.67
-3.88
-4.30
-3.80
-4.15
-4.91
-7.53
-0.74
-3.20
-1.25
-3.37
-4.53
-4.84
-3.11
-3.13
-0.98
-2.24
-5.06
-3.99
-3.68
-2.84
-4.88
-4.96
-0.99
-3.37
-2.71
-3.64
-3.25
-4.44
-2.23
-5.56
-4.03
-1.43
-4.95
-5.64
-4.10
-4.05
-3.82
-4.52
-0.94
-3.77
-2.24
-3.23
-3.66
-3.44
-4.59
-4.93
-3.02
-4.11
-2.93
-3.45
-3.42
-3.28
-2.76
-4.58
-4.66
-4.01
-2.13
-2.05
-3.73
-4.79
-4.51
-1.92
-1.38
0.07
-3.99
-3.67
-2.72
-4.59
-3.91
-4.65
-2.90
-3.41
-1.52
-1.54
-3.27
-1.36
-2.99
-4.85
-4.05
-3.05
-7.30
-6.28
-3.16
-4.66
-7.47
-3.07
-3.38
-6.10
-2.99
-5.58
-4.16
-2.88
-3.77
-3.26
0.10
-3.00
-3.64
-2.64
-3.75
-1.66
-3.11
-3.87
-2.83
-3.18
-1.95
-1.72
-1.93
-4.80
-5.97
-3.09
-4.43
-2.52
-1.83
-3.74
-1.00
-4.91
-1.90
0.23
-2.92
-4.03
-3.75
-3.65
-6.01
-3.30
-2.78
-2.59
-5.14
-3.20
-4.69
-3.65
-2.00
-1.09
-4.21
-6.75
-4.11
-4.25
-1.99
-1.39
-3.65
-2.48
-2.28
-1.95
-4.78
-2.32
-3.93
-5.48
-2.07
-1.58
-5.67
-3.05
-5.32
-3.22
-4.16
-4.98
-3.63
-1.73
-2.33
-4.03
-2.88
-4.86
-0.87
-3.33
-4.15
-3.36
-4.38
-1.48
-3.46
-3.05
-1.90
-3.19
-4.86
-4.37
-4.99
-1.53
-2.45
-3.38
-2.44
-0.47
-4.37
-1.86
-4.67
-1.93
-3.24
-5.11
-4.40
-5.74
-4.78
-4.44
-3.01
-4.34
-3.51
-4.93
-2.23
-5.50
-3.88
-0.52
-2.15
-2.54
-4.23
-2.13
-1.30
-1.58
-3.17
0.12
-1.29
-5.60
-4.70
-1.51
-3.18
-3.55
-3.18
-3.60
-5.30
-4.01
-3.12
-3.21
-5.58
-2.67
-3.79
-1.59
-5.46
-4.07
-1.12
-5.04
-4.69
-5.72
-4.29
-2.09
-2.87
-4.71
-5.99
-2.40
-1.43
-2.69
-3.73
-4.15
-0.67
-2.86
-4.33
-3.03
-2.75
-4.12
-3.86
-4.48
-4.27
1.10
-2.80
-1.55
-5.98
-4.30
-4.19
-3.07
-4.35
-4.25
-1.78
-2.99
-2.01
-4.79
-1.91
-5.19
-4.46
-2.95
-3.25
-1.46
-3.90
-3.44
-0.35
-4.59
-4.44
-3.50
-3.42
-4.60
-4.47
-5.94
-3.10
-1.30
-4.37
-2.59
-6.47
-3.70
-6.27
-3.70
-1.09
-2.23
-5.26
-4.91
-6.45
-9.44
-4.50
-1.48
-7.57
-2.09
-3.76
-4.96
-3.06
-2.51
-5.28
-0.59
-3.47
-2.90
-3.56
-1.71
-2.57
-4.84
-3.54
-2.46
-2.60
-3.88
-4.42
-2.78
-5.17
-4.90
-1.97
-2.83
-4.80
-4.62
-4.68
-1.50
-2.74
-4.46
-4.64
-3.52
-2.29
-4.20
-2.44
-4.80
-3.92
-5.95
-5.57
-5.57
-0.74
-1.31
-2.09
-4.64
-3.96
0.18
-2.41
-3.65
-1.60
-2.67
-3.30
-2.12
-2.26
-2.05
-3.47
-4.12
-1.35
0.55
-3.55
-4.37
-1.68
-4.08
-3.62
-2.72
-6.81
-5.05
-3.76
-2.74
-5.38
-2.17
-3.25
-2.80
-0.53
-2.96
-6.88
-4.73
-3.96
-3.31
-4.76
-1.41
-4.69
-2.69
-3.20
-2.83
-2.32
-2.14
-1.89
-4.78
-3.87
-4.06
-5.71
-3.64
-2.00
-2.93
-3.60
-2.77
-4.30
-4.18
-4.47
-2.37
-3.48
-4.80
-3.07
-4.41
-1.18
-2.08
-2.99
-2.91
-2.50
-2.58
-3.30
-4.55
-3.84
-1.56
-3.21
-4.06
-4.43
-4.47
-4.07
-6.50
-4.91
-5.33
-1.37
-7.01
-3.53
-5.95
-1.25
-3.30
-4.02
-0.13
-5.49
-1.66
-6.73
-2.32
-2.00
-1.76
-3.66
-4.62
-4.72
-7.43
-6.62
-2.10
-0.08
-3.34
-4.97
-3.35
-3.51
-3.74
-1.83
-5.43
-3.16
-3.58
-5.22
-6.32
-5.47
-5.08
-1.21
-3.75
-5.74
-2.62
-3.17
-4.42
-3.72
-4.29
-4.78
-5.66
-5.13
-2.62
-3.23
-2.23
-8.81
-3.30
-3.13
-4.30
-5.77
-5.41
-4.67
-3.03
-4.94
-2.95
-4.91
-1.66
-5.47
-7.11
-4.96
-2.40
-3.10
-3.45
-2.96
-3.77
-3.94
-1.06
-2.88
-2.19
-4.18
-3.91
-4.41
-3.83
-3.42
-3.83
-4.84
-3.70
-3.27
-3.54
-4.08
-6.26
-1.71
-2.32
-2.41
-2.52
-2.40
-4.06
-4.86
-2.99
-1.95
-2.38
-0.72
-3.95
-2.93
-4.74
-3.55
-2.81
-2.23
-3.56
-5.26
-1.24
-4.65
-1.76
-3.66
-3.87
-5.73
-7.22
-2.17
-1.68
-2.97
-4.03
-1.07
-3.29
-2.73
-4.11
-6.06
-1.68
-2.64
-6.30
-3.88
-4.61
0.24
-2.14
-2.78
-2.46
-2.49
-4.64
-3.54
-4.24
-3.07
-3.54
-3.72
0.83
-3.25
-3.84
-5.27
-3.65
-6.66
-3.59
-5.03
-3.71
-3.97
-3.98
-7.53
-5.30
-4.94
-5.19
-2.26
-4.72
-4.94
-2.99
-3.89
-1.78
-2.13
-4.99
-4.76
-5.94
-3.41
-3.95
-4.34
-3.19
-4.75
-7.67
-4.55
-3.01
-4.80
-3.92
-3.59
-5.38
-3.65
-3.01
-4.58
-3.48
-6.12
-4.42
-3.85
-4.08
-1.62
-4.77
-3.91
-0.56
-3.16
-4.11
-3.38
-3.92
-1.79
-1.33
-4.57
-4.73
-4.79
-3.27
-3.64
-1.59
-0.78
-4.40
0.49
-2.74
-2.80
-3.02
-2.47
-1.87
-2.93
-3.40
-4.19
-3.57
-3.22
-2.06
-2.90
-2.97
-2.78
-3.35
-3.04
-3.34
-3.22
-2.65
-8.05
-8.32
-6.85
-7.50
-2.59
-4.80
-4.61
-4.20
-4.10
-2.40
-1.61
-2.22
-2.89
-2.19
-4.92
-4.14
-3.01
-1.30
-2.55
-2.95
-3.84
-4.36
1.08
-5.70
-4.16
-3.40
-3.43
-5.68
0.96
-3.01
-5.37
-4.16
-5.21
-4.42
-3.64
-3.02
-3.58
-4.80
-4.46
-4.28
-3.39
-2.89
-4.44
-5.54
-5.18
-1.27
-4.49
-2.15
-3.77
-3.36
-4.52
-5.32
-4.84
-0.89
-1.84
-3.11
-1.01
-2.80
-1.90
-1.52
-3.25
-4.62
-4.52
-5.73
-5.30
-3.78
-0.60
-5.39
-2.82
-3.02
-4.30
0.77
-3.61
-1.89
-3.64
-3.50
-1.81
-2.18
-2.58
-3.56
-4.75
-3.14
-3.49
-1.78
-3.63
-3.89
-3.40
-4.87
-2.79
-4.03
-4.52
-4.86
-3.87
-2.19
-2.57
-2.73
-3.61
-4.36
-4.28
-4.45
-2.25
-2.74
-3.95
-4.36
-4.09
-5.61
-2.31
-4.82
-3.86
-4.35
-1.76
-3.46
-3.65
-0.87
-3.85
-2.05
-4.31
-2.31
-5.66
-5.53
-4.25
-3.56
-4.39
-3.12
-3.52
-5.31
-4.07
-3.92
-2.37
-3.49
-1.80
-4.68
-1.17
-4.82
-4.08
-1.88
-2.67
-4.74
-3.90
-4.32
-5.30
-4.54
-3.72
0.75
-3.78
-3.25
-2.33
-4.35
-4.18
-2.50
-4.19
-3.73
-2.33
-4.18
-4.03
-3.12
-3.41
-2.57
-3.72
-4.04
-3.79
-3.98
-4.56
-4.84
-2.59
-2.19
-3.61
-3.98
-3.01
-2.10
-3.12
-4.12
-3.69
-5.30
-3.24
-4.40
-3.90
-4.77
-1.78
-4.59
-4.74
-0.58
-4.45
-2.20
-2.15
-4.32
-3.36
-3.76
-3.63
-4.37
-4.88
-3.92
-1.89
-2.21
-3.94
-1.90
-2.59
-2.94
-3.08
-4.30
-3.64
-4.91
-5.22
-5.77
-3.70
-4.48
-3.97
-3.55
-2.59
-7.09
-3.91
-5.51
-3.58
-3.09
-4.12
-3.92
-1.50
-3.73
-3.79
-4.04
-1.87
-4.11
-1.47
-3.19
-4.52
-4.43
-5.47
-2.77
-3.97
-2.80
-4.57
-3.89
-4.50
-5.19
-6.96
-3.20
-2.13
-5.04
-0.64
-4.75
-3.58
-1.53
-0.29
-2.43
-0.70
-3.06
-7.11
0.10
-2.78
-5.36
-3.23
0.65
-1.68
-3.69
-3.34
-1.45
-2.93
-0.71
-2.45
-2.15
-0.00
-2.43
-1.12
-4.81
-3.30
-3.48
-3.34
-1.86
-1.96
-0.55
-1.83
-3.22
-1.43
-2.19
-3.94
-0.56
-0.81
-1.35
-1.89
-3.06
-2.31
-3.47
-0.68
-5.31
-1.27
-3.23
-3.28
-4.22
0.69
-3.50
-1.48
0.23
-0.67
-4.46
-2.24
-4.28
-1.48
0.03
-0.67
0.04
-2.24
-0.39
-2.08
-1.73
-1.37
-2.05
-4.92
-2.91
-5.55
-3.82
-0.96
-2.13
-2.62
-5.14
-1.39
-0.49
-1.58
-0.88
-2.12
-7.79
-0.96
-6.09
-5.04
-5.87
0.88
-4.74
0.02
-0.56
-6.86
-1.45
-4.42
-4.25
-0.91
-3.52
-1.03
-5.20
-4.04
-0.74
-0.06
-2.14
-4.95
-0.01
-2.24
-4.73
-0.27
-4.51
-3.81
0.30
-3.23
-5.18
-1.97
-2.12
-1.15
-2.40
-1.04
-2.52
-0.19
-0.39
-5.06
0.37
-2.04
-3.98
-3.35
-3.03
-4.03
-2.51
-6.20
-3.95
-4.99
-2.09
0.97
-0.63
-2.46
-1.72
-0.75
-3.90
-3.07
-0.56
-1.91
-1.58
0.70
-2.89
0.26
-2.27
-4.80
-2.07
-5.25
-1.83
-1.08
-1.61
-1.90
-1.20
-1.40
-2.32
-0.27
-3.48
-1.30
-0.93
-3.75
-4.48
-0.80
-3.47
-5.38
-1.41
-2.11
-3.21
-7.19
-1.59
0.77
-0.92
-0.40
-1.10
-5.52
-3.11
-0.33
-0.03
-4.66
-2.20
-2.44
-2.86
1.07
-2.06
-4.61
-2.68
-0.78
-1.80
-4.21
-2.67
-4.16
0.07
-4.34
1.10
-1.06
0.79
-2.04
-0.35
1.00
-2.06
-0.87
-0.64
-4.61
-7.39
-3.21
-6.69
-1.08
-0.01
-1.08
-1.21
-5.00
-1.78
-2.11
-1.58
-0.27
-1.64
-2.02
-4.00
-1.95
-1.81
-1.42
-5.47
-0.85
-5.30
0.59
-1.35
-4.12
-2.17
-3.66
-6.17
-2.05
0.52
-1.39
-4.39
0.16
0.52
-4.19
-4.70
-5.89
-4.07
-4.69
-5.93
-2.37
-2.25
-1.73
-5.25
-0.63
-2.18
-2.83
0.68
-1.47
0.64
-3.60
-1.98
-5.15
-0.09
-1.92
-4.18
-3.26
0.16
0.40
0.43
-0.28
-0.76
-1.17
-0.33
-0.42
-0.95
-1.48
-3.32
-3.89
-1.99
-2.25
0.46
-3.22
0.53
-3.91
-5.06
-2.79
0.85
-2.09
-3.43
-2.02
-5.08
-6.08
1.02
-3.17
-1.90
-4.10
-1.66
-6.60
-0.29
-4.41
-3.04
-0.83
-4.41
-4.06
0.87
-0.08
-0.94
-5.07
-3.44
-1.78
-1.76
-2.13
-1.92
-2.88
-1.64
-7.14
-3.15
-0.63
-2.12
-1.56
-0.51
-2.01
-2.05
-1.37
-2.12
-4.55
-4.35
-1.85
0.65
-3.08
-0.36
0.18
-1.87
-4.92
-2.45
-1.03
-3.11
-5.47
-5.00
-6.80
-3.85
-2.22
-2.33
-3.06
-1.91
0.33
-2.51
-1.48
-3.72
0.45
-4.52
-0.76
-4.73
-0.92
-4.22
-4.31
-4.03
-1.64
-4.09
-3.55
-6.46
-0.97
-2.82
-3.48
-3.62
-3.60
-1.06
-2.19
-1.95
-2.88
-3.02
-2.86
-1.54
-4.21
-2.37
-3.32
-1.68
-5.44
0.88
-5.99
-2.58
-0.58
-2.18
-0.85
-1.86
-1.78
-6.71
-2.39
-0.69
-3.81
-3.90
-1.04
-4.54
-6.39
-3.38
-1.08
-1.33
-2.67
-3.61
-0.88
-3.30
-2.19
-0.70
0.23
-4.70
-4.06
0.23
-1.66
-3.87
-1.17
-4.05
-2.10
-4.54
-3.73
-4.65
0.07
-1.69
-1.12
-3.05
-1.03
0.76
-6.23
-4.81
-1.87
0.96
-4.64
0.64
-6.20
-1.95
-0.72
-5.28
-1.96
-2.90
-8.05
-1.34
-2.96
-1.72
-2.61
-0.74
-2.11
-5.03
0.65
-3.60
-4.41
-1.86
-3.31
-2.52
-4.83
-1.01
-0.71
-0.38
-3.23
-0.47
-4.61
-0.66
-1.89
-2.80
-2.77
-3.62
-1.90
0.29
0.39
-3.23
-4.75
-0.38
-2.65
-2.93
-1.15
-4.82
-1.10
-1.00
-3.21
-4.64
-6.59
-1.49
-1.77
-4.24
-1.62
-2.21
-5.27
-3.94
-4.14
-1.57
-1.40
-6.03
0.33
-3.43
-2.07
-0.78
-3.89
-0.70
-3.52
-5.36
-1.11
-2.53
1.10
-1.20
-1.69
-1.85
-1.38
-3.31
-8.83
0.82
-2.27
-5.26
-2.92
0.30
-0.17
0.28
-0.56
-5.01
-1.76
-4.38
-2.65
-1.96
-3.17
-1.85
-1.48
-0.93
-0.83
-4.30
-3.67
-2.19
-1.41
-2.35
-1.03
-4.48
-4.55
-1.72
-4.17
-0.11
-3.67
-6.22
0.53
0.92
-0.52
-4.15
-1.59
-1.42
-0.15
-3.71
-1.25
-1.25
-2.85
-0.31
-1.97
-0.28
-2.17
-3.19
-4.45
-2.09
-4.21
-2.42
-6.47
-6.37
0.63
0.15
-2.32
-2.29
-0.17
-0.16
-1.34
-0.49
-1.29
-0.48
-1.30
0.08
-5.69
-4.45
-2.49
-4.61
-1.74
-3.98
-0.83
0.81
-2.60
-3.15
-5.44
-4.42
-3.98
-0.40
-1.20
-6.61
-4.68
-1.99
-6.41
-1.54
-0.92
-0.54
-2.65
-4.55
-2.80
-1.93
-6.46
-1.30
-2.51
-1.92
-3.19
-1.69
-2.54
-4.39
-3.69
-2.12
-1.79
-0.96
-1.42
-1.66
-1.66
-4.41
-1.72
-3.55
-4.54
0.03
-1.71
-3.51
-6.52
-0.63
-3.80
-0.37
-0.37
-0.72
-0.94
-4.49
-3.13
-2.11
-2.38
-4.05
0.07
-7.51
-4.06
-1.33
-2.18
-6.14
-0.42
-0.92
-4.14
-1.98
-1.96
-5.74
-0.91
-0.16
-1.98
-0.43
-0.81
-1.73
-5.08
-1.78
0.80
-0.89
0.35
-2.45
-5.89
-5.33
-2.58
-1.73
-0.33
-0.92
-4.74
-2.08
-2.14
-5.18
-0.24
-4.89
-4.49
-2.27
0.29
-1.44
-2.69
-2.24
-3.22
-1.50
-1.17
-3.98
-2.41
-2.04
0.20
-3.71
-3.74
-5.37
-0.94
-1.49
-2.03
-0.84
-3.13
-5.08
-2.98
-1.78
-1.12
-1.18
-0.98
-0.44
-1.50
-0.83
-3.02
-0.46
-1.82
-4.72
0.64
-1.40
-1.90
-1.93
-4.67
-2.68
-1.61
-0.70
-5.36
-7.08
-1.49
-1.15
0.82
-1.73
0.85
-0.88
-4.37
0.46
-4.12
-0.45
-2.91
-0.94
-3.30
-5.30
-0.40
-2.47
-0.64
-1.50
-3.93
-3.86
-0.35
-0.63
-1.82
-1.95
-1.91
-3.78
0.83
-0.78
-2.40
-1.34
-0.00
-4.96
-7.29
-2.56
-3.20
-2.36
-3.96
-1.02
-1.64
-5.72
-1.37
-2.65
-3.99
-4.70
-0.83
0.42
-2.65
0.03
-3.70
-1.01
-0.47
-0.43
-4.74
-5.65
-3.34
-1.55
-1.79
-1.99
-4.46
-1.82
-6.18
-4.17
-2.29
-4.79
-0.89
-2.95
-4.11
-1.04
-5.99
-6.51
-0.49
-5.45
0.65
-0.92
-0.63
-0.94
-4.96
-2.28
-2.22
-4.86
-3.96
-1.53
-1.53
-0.93
-2.30
-1.73
-1.23
-0.63
-1.75
-1.30
0.49
-4.87
-0.61
-1.25
-1.23
-2.59
-0.89
-1.12
-2.41
-1.14
-1.40
-2.97
-1.28
-2.97
-4.09
-6.14
-4.90
-3.82
-1.44
-3.58
-1.97
-4.77
-1.40
-2.37
-3.06
-0.75
-2.19
-0.26
-0.48
-3.73
-2.90
-1.93
-0.95
-2.30
-2.52
-0.46
-4.90
-1.96
-1.61
-1.57
0.55
0.35
-1.50
-1.64
-2.46
0.96
-4.05
-3.86
-3.91
-0.72
-0.38
0.17
-5.88
-6.33
-3.57
-1.93
-0.99
-1.77
-4.34
-4.84
-2.54
-4.14
-1.25
-5.05
-1.60
-2.86
-4.75
-2.87
-3.15
0.82
-2.22
-2.37
-3.23
-1.90
-5.86
-3.30
-1.93
-3.84
-0.47
-4.40
-2.38
-4.21
-0.05
-4.91
-3.35
0.23
-2.10
-3.96
-3.68
-2.98
-2.11
-3.92
-2.57
-3.46
-1.36
0.76
-1.85
-0.81
-2.40
-1.16
-1.88
-2.07
-4.56
-3.54
-2.78
-2.65
-1.35
-3.26
-2.93
-0.86
0.42
-2.12
-2.44
-0.98
-4.43
-3.55
-5.48
-2.71
-5.42
-3.81
-4.86
-2.99
-5.63
-4.02
-4.33
-2.36
-1.99
0.84
-1.06
-3.76
-4.09
-4.74
-0.91
-1.32
-4.66
-2.72
-3.68
-0.44
-3.87
-1.82
-5.14
-1.53
-1.93
-6.30
-1.70
0.23
-0.14
-3.14
-1.48
0.35
-1.67
-4.53
-2.23
-2.24
0.03
-3.38
-0.87
-2.37
-3.74
-4.18
-2.24
-3.30
-0.59
0.09
-4.21
-1.62
-5.94
-5.32
-4.60
0.79
-1.72
-4.83
-2.02
-1.19
-1.30
-4.01
0.49
-0.19
-3.06
-4.92
-2.28
-1.95
-2.11
0.43
-0.90
-2.23
-4.35
-0.33
-2.21
-0.35
-1.69
0.13
-4.71
-4.39
0.72
-0.39
-5.60
-5.00
-5.06
-5.03
-4.29
-1.44
-3.52
-1.62
-2.13
-1.95
-0.36
-1.31
-5.42
-1.97
-0.28
-0.80
-0.93
-1.22
0.21
-2.67
-1.69
-0.93
-1.66
-2.46
-5.47
0.11
-1.92
-2.28
-3.82
0.07
-0.92
0.80
-2.08
-2.76
-6.91
-0.09
0.23
-3.78
-0.26
-1.73
-4.71
-2.59
-1.22
-1.45
-1.97
-0.92
-3.83
-1.06
-1.19
0.85
-2.42
-2.75
-1.33
-1.03
-2.66
-3.24
-1.55
-4.51
-3.91
-0.61
-2.24
0.38
-3.00
1.05
-5.55
-6.85
-1.31
-7.35
-1.00
-3.92
-2.23
-3.77
-3.91
-0.24
-0.18
0.73
-4.37
-1.86
-4.45
-1.27
-3.80
-1.88
-1.23
-2.08
-2.04
-3.59
-3.66
0.24
-2.54
-0.75
-4.52
-1.31
1.03
0.15
-3.69
-4.85
-0.59
-0.34
-3.50
0.03
-3.54
-2.13
-1.13
-1.70
-2.28
-3.50
0.36
-1.79
-0.75
-2.19
0.61
-4.31
-0.56
-3.10
-3.86
-3.49
-4.31
-5.05
-1.33
-1.88
-0.38
-0.85
-1.10
-3.36
-3.52
-3.62
-0.91
-2.80
0.94
-0.20
0.69
-5.13
-2.20
-4.80
-4.30
-2.61
0.50
-4.66
-1.67
0.49
-1.27
-4.48
-4.75
-3.61
-4.47
-1.45
-4.60
-0.83
-3.07
-0.91
-4.95
-5.08
-1.26
-1.60
-5.10
-4.92
-3.91
-3.97
-6.38
-1.86
-1.52
-4.52
-4.72
-6.19
-1.42
-1.83
-3.85
-1.93
-6.33
-0.48
-1.43
-2.07
-0.93
-0.80
-1.55
-1.49
-1.56
-0.90
-3.17
-1.44
-0.92
-4.46
-2.00
-3.95
0.59
-2.01
-0.67
-0.87
-1.48
-3.54
-2.41
-2.89
-2.29
-5.08
-5.19
-1.77
-4.30
-3.43
-3.02
-3.09
-0.81
-2.44
-2.53
-2.64
-3.60
-2.45
-1.82
-6.06
-2.36
-2.21
-4.67
-1.81
-1.51
-0.34
-4.86
-2.18
-1.64
-2.05
-2.26
-1.15
-3.54
0.18
-6.29
-1.47
-0.92
-2.78
-3.30
0.30
0.51
-2.85
-0.78
-5.07
-1.63
-0.31
-1.78
-3.21
0.20
-0.84
-4.01
-1.37
-1.72
-1.75
0.31
-3.65
-1.80
-1.89
-0.01
-2.28
-4.21
-1.57
-5.16
-1.12
-3.78
0.17
-6.09
-3.22
-2.72
-6.05
-1.57
-4.86
-2.89
-2.86
-0.92
-3.22
-4.57
-6.22
-3.85
-1.38
-1.33
0.27
-3.26
-1.95
-3.93
-0.55
-1.55
-5.86
-2.35
-2.22
-2.81
-6.37
-1.29
-4.96
0.11
-2.79
-5.17
-2.73
-1.82
-1.24
-1.37
-3.48
-4.30
-1.43
-3.84
-2.26
-4.83
-1.71
-4.22
-1.86
-1.99
-1.09
-1.72
-3.50
-6.61
-4.12
-2.25
-2.40
-3.18
-3.31
-3.92
-4.22
-0.78
-1.51
-1.09
-1.38
-5.15
-2.79
-3.56
-6.82
-1.63
-0.54
0.50
-2.26
-0.45
-2.13
-1.06
0.52
-0.43
-2.35
-4.09
-1.76
-3.98
-5.60
-3.67
-2.52
0.79
-6.15
-0.59
-1.64
-2.00
-1.28
-4.48
-1.52
-1.90
-4.22
-2.63
-2.82
-2.14
-4.36
-4.55
-4.47
-4.78
0.90
-3.51
-2.33
0.07
-2.59
-0.26
0.37
-3.24
-0.56
-2.92
0.88
-2.15
-0.20
-1.94
-1.55
-0.82
-3.17
-1.76
-5.62
0.30
0.43
0.74
-1.04
-0.43
-0.94
-0.87
-2.52
-1.32
-2.66
-4.69
-1.73
-2.20
-3.11
-1.87
-4.48
-4.22
-3.06
-2.46
-1.64
-3.13
-0.78
-3.23
-3.46
-1.16
-1.14
-0.90
-4.36
-4.13
-3.71
-2.15
-4.63
0.85
-2.98
-2.10
-1.91
-2.25
-2.27
-2.10
-1.67
-1.28
-1.94
-2.67
-1.31
0.18
-5.81
-1.14
-6.28
-3.24
-1.55
-1.44
-0.92
-2.26
-1.23
0.73
-5.38
-2.25
-2.04
-2.43
-2.20
-1.21
-5.59
-0.73
0.81
-5.05
-1.29
-2.59
-2.21
-1.02
-4.56
-2.13
-2.76
0.13
-0.12
-1.74
-3.79
-2.83
-1.56
0.54
-2.19
-6.63
0.66
-1.73
-1.24
-2.03
-0.63
-3.14
-2.01
-0.72
-5.06
-4.89
-0.85
-3.53
0.50
-5.27
-3.14
-1.34
-1.91
-1.03
0.39
-4.70
0.39
-0.60
-1.53
-2.11
-1.35
-3.42
-4.20
-3.19
-2.11
-3.43
-5.11
-2.18
-0.25
-2.31
-4.58
-1.28
-2.12
-4.19
-6.45
-1.55
-6.69
-2.52
-0.83
0.06
-1.20
-4.66
-0.97
-0.42
-0.92
-2.94
-1.57
-2.14
0.85
-2.83
-0.92
-1.86
-2.35
-3.90
-0.14
0.63
-0.70
-0.31
-3.43
-1.51
-1.60
-3.51
-0.70
-3.50
0.08
-2.56
-0.19
-3.39
-5.31
-0.28
-2.08
-4.58
-1.29
-1.23
-1.52
-5.92
0.04
0.98
-2.35
-1.96
0.22
0.70
0.23
-3.67
-0.66
-3.01
-3.11
-0.79
-3.81
0.48
-0.69
-1.70
-1.79
-3.63
-0.57
-1.60
-1.36
-2.32
-2.96
-2.04
-4.73
0.15
-1.79
-1.97
-1.78
-2.78
-0.40
-1.72
-3.18
-5.05
-2.35
-3.03
-2.26
-2.01
0.51
-5.06
-2.14
-1.76
0.10
-1.17
-3.51
0.23
-2.52
-2.64
-1.95
-1.52
-3.87
-4.15
-1.72
-4.83
-0.35
-4.01
-4.22
-0.94
-2.85
-0.92
-2.42
-2.27
0.61
-1.64
-0.43
-4.96
-1.06
-3.20
-2.12
-4.09
-0.78
-2.32
-0.70
-1.87
-0.96
-1.82
-4.52
0.52
-2.21
-0.01
-2.53
-1.18
-3.35
0.90
-5.94
-4.35
-4.52
-3.96
-0.21
-4.27
-4.51
-2.92
-2.02
-0.75
-1.78
-6.61
0.54
-4.30
-3.96
0.85
-2.14
-0.80
-6.20
0.91
-0.95
-3.42
-0.95
-5.21
-4.73
-3.09
-1.72
-1.93
-2.52
-1.45
-7.16
-1.30
-5.12
-0.71
-1.30
-1.98
-1.19
-1.77
0.69
-0.16
-1.68
0.08
-2.24
-3.65
-3.61
-3.03
-0.63
-2.22
-3.90
-1.58
-1.71
-2.56
0.18
-5.66
-3.50
-2.87
-7.35
-1.25
0.67
-2.17
-0.75
-1.66
-1.41
-3.27
-5.18
0.65
-5.65
-3.70
-3.50
-4.64
-4.02
-2.15
-2.19
-2.23
-1.56
-5.35
-4.16
-4.86
-1.50
-4.70
-0.53
-3.40
-3.42
-1.75
-1.48
-6.02
-2.06
-1.07
-1.42
-6.42
-3.11
-2.01
-4.19
-4.78
-6.08
-2.25
-0.45
-3.67
-2.38
-5.86
-5.25
-2.23
-0.32
-5.89
-2.73
-2.29
-4.37
-0.77
0.70
-1.91
-0.58
-1.12
-0.12
-3.39
-2.07
-1.77
-0.67
-3.63
-0.66
-1.09
0.21
-7.14
-1.58
-1.00
-2.83
-4.16
-1.08
-2.05
-4.33
-0.77
-4.38
-2.10
0.18
-1.40
-1.35
-1.31
-4.71
-2.73
-0.26
0.45
-3.43
-0.96
-5.84
-3.76
-1.89
-3.48
-1.28
-3.78
-3.81
-1.78
-1.36
-4.04
-2.34
-3.64
-2.82
-1.23
-1.11
-4.37
-0.53
-2.19
-0.67
-2.85
0.41
-4.10
-2.66
-2.67
-1.55
-0.37
-1.47
-4.78
-3.23
-4.37
-3.43
-0.83
-1.11
-0.30
0.14
-2.78
-0.65
0.06
0.43
-0.12
-0.73
-4.36
-4.09
-3.39
-4.87
-2.36
-2.72
0.28
-1.08
-1.08
-3.40
-0.57
-3.10
0.38
0.40
-3.32
-0.91
-1.13
-5.59
-1.62
-2.51
0.92
-4.35
-5.06
-4.94
-3.81
-3.26
-3.28
-3.70
-0.52
-5.06
-6.12
-3.61
-3.40
-3.44
-1.47
-1.51
0.27
-2.32
-2.21
-0.71
-4.61
-1.12
-0.39
-4.35
-5.31
-2.81
-4.79
-1.84
-3.68
-4.44
-2.24
-2.00
-3.95
-2.41
-3.63
-6.15
-2.29
-0.32
0.87
0.15
-2.36
-0.86
-0.13
-1.55
-3.95
-3.65
-1.16
-0.91
-8.03
-5.54
-5.37
-1.70
-3.03
-3.07
0.18
-1.49
-2.05
-4.22
-0.42
-3.02
0.04
-3.03
-0.36
-2.54
-2.17
-2.14
-1.99
-1.93
-1.25
-1.66
-3.33
-3.79
-5.42
-2.03
0.52
-1.57
-4.76
-6.04
-1.69
0.55
-3.55
-1.09
-1.43
-3.96
-1.69
0.86
-7.42
-3.39
-5.94
-3.19
-2.23
-3.71
-6.06
-2.21
-3.29
-2.35
0.60
-5.51
-4.95
-0.77
-3.00
-1.91
-3.94
-2.65
-2.11
0.05
-2.74
-1.03
-5.28
-4.27
-1.45
-0.37
-1.31
-1.62
0.27
-0.13
-2.33
-1.68
-1.45
-1.77
-2.00
-4.33
-2.15
-1.83
-2.17
-2.20
-2.07
-1.22
-0.23
-1.51
-1.75
-4.28
-3.10
-0.33
-0.43
-0.25
-5.46
-4.30
-0.91
0.30
-1.07
-6.10
-2.79
-0.20
-1.70
-5.02
-4.74
0.76
-2.09
-6.25
-3.23
-3.29
-3.44
-3.30
-1.56
-1.11
-1.07
-1.77
0.68
-3.50
-4.59
-1.41
-1.04
-4.87
-0.80
0.70
-0.85
-2.23
0.95
-4.70
0.05
-1.98
-4.77
-3.87
-2.00
-6.59
-3.82
-2.17
-5.97
-1.82
-0.62
-6.87
-1.05
-1.24
-0.91
-0.13
-5.80
-2.50
-1.45
-1.20
-1.59
-1.15
-4.21
-4.70
-3.44
-3.79
-4.40
-3.63
-0.63
-0.11
-2.02
-4.58
-1.74
0.46
-0.93
0.36
-3.18
-1.28
-3.26
-0.92
-0.64
-2.55
-3.42
-5.99
-1.01
-5.64
-2.32
-1.64
-2.88
-5.53
-4.71
-2.63
-2.15
-0.49
-3.77
-5.10
-1.37
-2.20
-3.51
-1.05
0.82
-4.19
-1.39
-1.42
-0.93
-1.17
-4.35
-4.61
-3.91
-3.84
-3.88
-0.06
-1.18
-0.56
-1.42
-1.07
-0.50
-6.57
-0.88
0.72
0.61
-0.43
-6.13
-4.15
-2.18
0.57
-1.79
0.36
0.73
-5.67
-2.81
-2.53
-4.64
0.66
-5.44
-2.47
-4.18
-2.06
-2.25
-4.59
-1.81
-2.02
-5.40
-3.55
-2.99
-4.92
-1.46
-2.19
-3.84
-5.42
-1.79
-2.00
-3.64
0.32
-0.93
-0.14
-4.39
0.84
-1.95
-6.03
-2.90
-4.64
-2.06
-4.14
0.91
-2.98
-3.67
-3.39
0.25
-3.98
-4.99
-1.93
0.43
-0.01
-4.00
-2.53
-2.86
-3.60
-4.18
-2.96
-3.01
0.66
0.02
-2.22
-5.60
-4.89
-4.08
-0.54
-0.74
-0.93
-2.70
-0.29
0.08
-4.23
-1.47
0.10
-4.33
-1.70
-1.10
0.65
-2.33
-5.88
-3.96
-1.23
-1.51
-1.98
0.50
-1.45
-4.80
-2.14
-1.49
-3.89
-1.11
-2.05
-1.47
-0.79
-5.33
-4.37
0.40
-2.65
-0.98
-1.17
-1.71
-2.07
-0.83
-0.68
-2.98
-1.78
-6.76
-3.70
-0.86
-4.60
-2.15
-4.97
-5.03
-2.63
-3.00
-1.24
0.64
-1.12
-1.08
-1.85
-0.96
1.14
-0.10
-3.99
-0.89
-2.92
-0.62
-1.91
-3.19
-3.72
-5.63
-2.79
-1.76
-5.25
-3.95
-3.62
-3.44
-3.43
-4.26
-3.80
-1.61
-4.09
-0.76
-6.70
-4.29
-1.57
-5.01
-3.16
-1.77
-1.96
-1.65
0.66
-1.88
0.76
-1.77
-4.61
-0.92
-5.53
-2.55
-0.95
-3.46
-2.14
-3.77
-6.41
-5.08
-2.48
-5.18
-3.88
-3.52
-5.26
-2.20
0.65
-1.81
-0.35
-5.17
-2.00
-2.94
-1.35
-3.97
-5.57
-3.84
-2.05
-3.82
-1.58
-2.00
0.70
-0.69
-4.21
-1.41
-2.21
-2.18
-1.52
-2.04
-2.54
-2.32
-0.14
-2.52
-0.59
-1.01
-1.02
0.15
-1.57
-2.46
-3.54
-2.92
0.15
-1.35
-1.97
-0.82
-5.14
-2.61
-0.72
-2.38
-4.93
0.86
-1.15
-0.28
-1.11
-4.55
-2.57
-2.38
-3.36
-1.42
-1.15
-1.92
-1.92
-1.89
-4.26
-4.58
-2.81
-1.83
-4.07
-5.83
0.40
-5.26
-6.02
0.17
-2.24
-5.08
-0.52
-1.86
-0.92
-3.55
-5.11
-4.24
-2.12
-0.84
-1.41
-0.96
-1.42
-3.32
-3.63
-3.92
-1.24
-4.84
-1.70
-5.03
-1.47
-3.33
-0.67
-4.61
-1.87
-5.78
0.46
-5.21
-6.18
-3.61
-3.92
-1.39
-1.74
-1.81
-4.15
-0.07
-2.87
-1.43
-1.73
-1.37
0.70
-1.58
-4.07
-0.57
-1.61
-1.30
-0.93
-2.23
-1.68
-1.53
0.31
-4.85
0.79
-1.70
-3.85
-2.28
-4.19
-7.45
-2.16
-4.24
-1.10
0.10
0.26
-3.48
-4.35
-2.80
-2.57
-5.06
-4.39
0.55
-1.53
-0.94
-3.09
-1.57
-1.43
-1.48
-4.47
-2.37
-3.83
-1.81
-3.79
-1.72
-1.60
-1.72
-2.49
-9.04
-3.79
-0.65
-0.23
-4.03
-2.33
-5.45
-3.06
-1.82
-1.32
-4.77
-7.97
-2.36
-2.40
-6.37
-0.65
-0.54
-1.14
-1.35
-3.12
-2.05
-3.49
-4.08
-5.25
-0.09
-1.95
0.25
-4.57
-3.83
-3.53
-2.53
-1.06
-1.31
-5.28
-5.45
0.04
-5.24
-4.57
-0.92
-2.45
-3.33
-4.56
-2.07
-5.76
-5.08
-1.64
-2.45
0.79
-2.71
-0.93
-3.83
-0.13
-2.12
-1.68
-2.85
-4.26
-5.34
-0.65
-0.26
-3.62
-3.33
-2.58
-2.56
-1.05
-3.55
-0.33
-1.36
-5.21
0.15
-2.15
-2.47
-5.17
0.91
-6.54
-4.08
-4.69
-1.83
-1.35
-3.09
-3.03
-1.33
-2.38
-0.20
-3.85
-6.08
-0.68
-1.64
-4.09
-2.62
0.21
-0.09
-4.45
-3.44
-1.35
-2.10
-2.54
-1.78
-0.18
-0.63
-2.00
-2.23
-1.64
-6.29
-0.31
-1.36
-3.53
-1.16
-2.12
-1.74
-0.89
-7.29
-1.08
-1.66
-5.91
-3.69
-0.82
-1.77
-2.02
-1.27
-3.49
-1.40
-3.34
-0.92
-1.24
-4.93
-2.84
0.48
-3.68
0.71
-0.10
-3.83
1.10
-2.77
-1.03
-0.84
-4.82
-2.17
-3.28
-0.73
-2.96
-1.05
-2.79
-4.51
0.73
0.46
-2.17
-3.23
-2.34
0.89
-0.57
-3.70
-7.42
-6.15
-4.66
-2.45
0.23
-6.15
-2.02
-0.85
-0.02
0.78
0.44
-3.10
-0.07
0.28
-1.73
0.04
-2.41
-3.67
-3.70
-3.89
-2.65
-2.08
0.10
-1.59
0.79
-2.46
-2.17
-0.64
-5.68
-1.26
-4.19
-4.39
-3.07
-2.05
-1.77
-1.81
-4.97
-1.59
-2.29
-0.17
-2.29
-0.96
-2.95
-5.46
-2.11
0.00
-4.83
-3.38
-3.91
-4.51
-5.14
-2.46
-3.89
-1.96
-4.02
-1.88
-0.94
-1.18
-1.37
-3.11
-3.52
-1.48
-1.75
-1.92
-1.46
0.65
-4.53
-0.81
0.54
-1.94
-2.11
-4.01
-3.49
-1.62
-4.77
-4.64
-2.94
-1.26
0.23
-3.94
-2.33
-5.11
-3.08
-4.70
-4.54
-1.89
0.70
-4.30
-1.36
-3.91
-1.54
-2.64
-4.53
0.98
-1.04
0.15
-1.17
-0.56
-1.20
-0.62
-3.38
-2.09
-1.89
-1.37
-0.90
-1.05
-5.33
-1.28
-2.03
0.28
-1.98
-2.12
-4.50
-6.20
-2.85
-0.82
-4.24
-6.86
-0.98
-4.26
-0.95
-2.03
-0.90
-5.30
-2.30
0.61
-0.94
-3.57
-4.28
-2.20
-1.37
-3.62
-0.97
-2.86
-2.35
-4.94
0.36
-0.18
-2.69
-4.21
-0.74
-2.30
-1.34
-0.51
-1.55
-1.89
-0.18
-1.29
-7.14
0.11
-1.65
-3.12
-1.64
0.56
-1.51
-5.81
0.42
-4.43
-1.33
-3.50
-0.11
-2.26
-1.60
-0.64
-6.30
-2.47
-1.89
-1.07
-0.67
-4.21
0.52
-2.51
-2.06
-2.91
-0.85
-1.79
-2.84
-3.56
-1.31
-3.38
-4.77
-5.37
-3.11
-3.47
-3.84
-3.11
-1.12
-2.03
-3.71
-5.54
-2.51
-2.25
-1.36
-1.74
-3.95
-4.15
-3.63
-0.71
-4.15
0.06
-4.24
-0.66
0.28
-2.00
-1.95
-3.49
-3.19
-2.12
-2.19
-2.04
-1.68
-4.67
-5.67
-4.85
-5.33
-3.25
-4.86
-4.10
-5.82
-5.82
-5.88
-8.31
-0.96
-1.95
0.12
-1.73
-5.41
-3.42
-1.01
-0.60
-1.20
-5.83
-3.39
-4.08
-4.23
-2.36
-2.24
-1.15
-2.20
-2.95
-3.61
-2.93
-2.62
-6.48
-5.80
-5.36
-5.72
-3.39
-4.39
-0.72
-2.83
-2.30
-2.47
-3.88
-5.19
-1.89
-3.55
-1.88
-2.64
0.62
-2.33
-1.54
-6.52
-3.14
-1.02
-2.00
-2.16
-3.18
-2.67
-3.56
-4.90
-3.11
-1.82
-4.42
-3.40
-3.69
-3.16
-0.45
-0.39
-1.71
0.20
-6.44
-6.85
-3.01
-5.61
-3.12
-1.16
0.47
-7.05
-2.83
-2.37
-4.89
-4.49
-0.14
-3.46
-6.24
-4.72
-3.49
0.44
-1.32
-2.09
-2.37
-2.36
-5.85
-6.22
-5.93
-2.67
-5.93
-4.59
-3.92
-5.57
-1.66
-3.03
-1.57
-4.27
-4.62
-1.39
-1.44
-4.93
-5.57
-4.02
-6.18
-3.08
-5.44
-5.54
-3.07
-4.47
-1.06
-1.34
-1.25
-4.15
-1.33
-0.91
-5.88
-2.34
-1.35
-5.28
-4.36
-3.07
-5.51
-3.77
-4.23
-1.99
-1.77
-6.28
-6.08
-4.87
-2.11
-4.78
-3.84
-6.97
-1.47
-2.05
0.00
-4.21
-2.03
-4.42
-4.70
-5.13
-4.24
-2.66
-6.35
-5.70
-2.71
-3.92
-2.87
-3.37
-3.32
-4.20
-3.70
-1.57
-6.34
-6.34
-3.19
-2.27
-3.08
-3.78
-6.18
0.31
-2.27
-5.82
-0.90
-4.56
-5.17
-3.98
-1.05
-3.14
-3.85
-3.86
-3.88
-3.86
-5.10
-3.47
-5.26
-3.66
-3.88
-5.26
-2.37
-6.36
0.39
-4.25
0.39
-3.77
-2.38
-1.51
-0.50
-6.84
-6.77
-7.17
-3.98
-5.33
-5.44
-3.06
-2.90
-1.76
-2.43
-3.53
-2.87
-4.33
-4.40
-4.51
-6.97
-3.51
0.62
-4.05
-3.08
-2.05
-5.12
-4.12
-3.79
-8.13
-4.77
-7.31
-3.67
-3.44
-5.44
-2.32
-5.38
-5.45
-5.78
-2.94
-5.16
-3.34
-4.49
-4.46
-2.82
-6.42
-2.54
-4.24
-5.44
-4.92
-5.47
-1.66
-5.79
-0.96
-4.00
-3.61
-4.70
-3.16
-3.70
-3.56
-4.68
-5.42
-4.44
-8.04
-3.44
-6.60
-4.11
-3.13
-2.24
-5.34
-0.15
-5.29
-3.56
-5.30
-2.59
-3.62
-5.56
-3.44
-4.32
-4.60
-4.29
-3.00
-3.89
-4.55
-3.82
-5.04
-2.30
-3.75
-4.79
-4.50
-3.34
-4.41
-2.86
-4.48
-4.85
-3.54
-3.22
-3.53
-5.23
-4.14
-3.43
-6.75
-4.86
-5.55
-4.91
0.35
-5.86
-5.79
-1.01
-4.15
-4.72
-3.25
-1.81
-4.71
-3.99
-1.61
-3.73
-6.01
-2.07
-5.03
-2.41
-4.34
-4.47
-4.74
-3.43
-1.54
-0.19
-3.62
-0.93
-3.19
-4.05
-3.38
0.50
-2.57
-3.12
-4.37
-5.38
-6.04
-4.69
-5.84
-4.17
-1.71
-5.54
-5.52
-5.67
-4.33
-3.96
-4.29
-2.14
-4.57
-4.24
-5.25
-3.37
-3.85
-6.16
-3.70
-4.44
-3.24
-4.91
-4.05
-4.26
-4.49
-5.28
-5.16
-5.41
-5.29
-6.23
-5.83
-4.29
-4.03
-5.54
-4.07
-4.71
-0.50
-4.06
-4.10
-1.66
-1.98
-4.12
-5.49
-1.82
-7.52
-4.95
-3.11
-4.54
-1.54
-3.79
-4.53
-3.99
-4.67
-4.67
-5.34
-7.18
-5.09
-4.76
-4.15
-4.36
-3.31
-3.17
-4.58
-1.38
0.18
-0.95
-5.35
-7.30
-4.75
-5.43
-3.78
-4.94
-5.69
-6.15
-4.47
-5.40
-5.11
-4.50
-4.10
-4.97
-4.37
-5.31
-2.46
-1.81
-2.38
-6.41
-7.60
-1.17
-5.34
-6.73
-3.87
-5.22
-2.98
-5.12
-4.80
-3.13
-4.34
-2.65
-5.22
-3.72
-4.09
-3.43
-5.68
-4.41
-3.31
-5.10
-4.90
-4.28
-4.78
-3.63
-0.86
-0.66
-3.91
-3.76
-3.28
-2.98
-4.39
-3.96
-2.88
-4.65
-3.64
-3.40
-3.84
-3.94
-4.98
-4.03
-4.18
-5.57
-4.53
-1.59
-1.86
-4.37
-2.56
-3.52
-1.36
-5.70
-2.53
-4.76
-1.40
-3.96
-6.25
-2.95
-7.83
-4.93
-5.55
-2.91
-4.65
-7.56
-3.82
-4.51
-5.15
-5.06
-3.19
-3.09
-4.33
-3.26
-2.68
-9.13
-4.20
-5.55
-2.25
-4.66
-5.15
-4.37
-5.06
-1.69
-2.62
-5.67
-3.87
-5.33
-4.56
-5.07
-1.53
-4.65
-3.99
-5.43
-0.57
-4.44
-4.07
-2.36
-5.28
-6.03
-3.46
-4.56
-4.50
-3.86
-1.39
-4.28
-5.00
-4.05
-6.17
-5.52
-4.15
-7.14
-4.23
-4.18
-1.51
-4.77
-5.24
-5.26
-4.58
-4.19
-4.02
-4.25
-3.70
-4.19
-4.92
-4.97
-3.72
-4.75
-5.19
-3.69
-4.28
-3.87
-4.91
-3.81
-3.19
-2.07
-4.77
-2.46
-4.71
-5.45
-4.65
-4.24
-3.94
-4.66
-3.63
-2.44
-3.06
-3.05
-1.51
-4.17
-4.62
-3.38
-5.36
-5.57
-4.32
-3.19
-4.26
-4.77
-4.64
-5.41
-3.36
-4.41
-1.63
-3.94
-2.47
-0.56
-1.81
-1.72
-5.63
-5.39
-2.82
-5.38
-3.34
-4.36
-4.72
-1.80
-4.20
-4.13
-2.57
-6.02
-2.77
-2.45
-1.88
-4.65
-5.20
-4.63
-2.13
-5.56
-1.91
-3.35
-2.73
-4.05
-4.64
-3.52
-2.61
-2.13
-6.09
-2.72
-4.10
-2.34
-4.21
-5.51
-0.56
-5.38
-2.46
-6.72
-5.98
-5.05
-5.16
-2.96
-1.36
-2.79
-4.78
-2.62
-1.14
-2.63
-3.17
-4.55
-3.81
-4.40
-4.45
-4.71
-6.58
-5.52
-5.01
-3.77
-5.64
-3.10
-5.21
-3.37
-3.79
-4.49
-1.22
-6.88
-3.13
-4.90
-3.84
-5.98
1.11
-3.32
-5.22
-2.14
-6.64
-5.21
-3.10
-3.40
-4.71
-4.73
-4.25
-3.43
-4.26
-6.22
-5.03
-3.60
-5.92
-5.08
-3.88
-1.34
-5.39
-3.98
-2.64
-4.41
-5.06
-3.08
-2.55
-2.96
-5.48
-1.90
-4.97
-3.36
-4.44
-2.25
-7.49
-5.42
-3.01
-5.12
-5.89
-5.59
-5.55
-3.62
-4.48
-5.07
-6.57
-3.28
-3.62
-2.38
-2.84
-3.88
-2.21
-1.17
-2.05
-3.46
-4.41
-2.03
-4.76
-6.37
-2.39
-4.83
-4.60
-5.47
-5.88
-4.73
-7.23
-0.87
-3.44
-0.27
-3.56
-3.00
-3.74
-4.63
-2.10
-5.07
-3.42
-5.95
-1.57
-4.48
-0.93
-6.41
-4.31
-4.91
-2.07
-4.64
-4.05
0.12
-6.64
-5.21
-3.22
-7.51
-4.30
-4.69
-4.00
-4.48
-4.50
-4.56
-3.83
-2.91
-5.62
-3.87
-3.83
-5.53
-2.25
-2.94
-4.75
-1.42
-3.35
-3.62
-5.94
-3.18
-5.88
-3.38
-5.52
-5.14
-5.35
-5.16
-1.15
-4.58
-5.96
-6.71
-4.72
-4.42
-4.17
-4.49
-2.26
-1.92
-5.29
-6.68
-5.71
-6.01
-5.18
-4.90
-6.22
-4.13
-2.38
-5.33
-6.09
-0.47
-3.56
-3.91
-2.56
-4.08
-4.44
-5.13
-1.13
-2.81
-0.44
-5.60
-2.27
-3.11
-5.30
-4.19
-3.50
-3.80
-1.66
-1.10
-7.23
-3.46
-4.34
-3.74
-4.49
-4.73
-3.23
-2.98
-4.99
-5.28
-4.02
-0.08
-3.93
-3.87
-2.40
-0.71
-3.05
-4.73
-4.51
-5.43
-4.60
-5.99
-5.25
-4.33
-1.91
-4.99
-4.43
-5.49
-4.31
-2.13
-1.91
-1.69
-1.79
-1.73
-3.14
-2.97
-3.42
-5.30
-6.14
-1.96
-3.29
-4.19
-2.92
-2.97
0.37
0.91
-3.76
-0.61
-3.44
-5.31
-4.56
-1.00
-4.30
-4.87
-4.72
-1.65
-2.06
-5.47
-4.61
-5.79
-3.91
-5.69
-5.34
-1.17
-4.91
-3.94
-1.56
-2.85
-2.28
0.74
-4.73
-1.70
-4.11
-4.61
-6.46
-3.12
-4.03
-2.92
-6.16
-4.43
-3.15
-1.63
-6.16
-2.51
-5.49
-2.95
-1.78
-0.73
-4.63
-4.10
-2.82
-2.90
-5.70
-1.40
-4.85
-3.42
-5.46
-4.25
-3.21
-4.09
-3.36
-1.76
-1.21
-1.51
-3.98
-2.99
-2.13
-4.15
-3.30
-4.97
-5.36
-4.40
-3.45
-1.94
-4.20
-3.70
-4.78
-5.24
-4.83
-3.95
-4.62
-2.57
-2.71
-2.62
-1.94
-4.06
-4.57
-2.68
-4.21
-4.34
-4.20
-5.11
-2.96
-4.80
-4.29
-4.71
-3.97
-3.35
-2.86
-3.75
-3.14
-1.41
-4.88
-4.25
-4.23
-3.52
-4.50
-3.55
-3.08
-3.37
-3.14
-3.25
-4.46
-3.49
-4.86
-5.42
-4.27
-2.52
-3.85
-2.28
-1.60
-4.01
-3.75
-2.84
-4.61
-1.05
-4.03
-4.47
-3.90
-3.21
-3.69
-4.20
-4.27
-3.20
-2.10
-3.12
-2.57
-4.63
-4.62
-4.83
-2.68
-4.76
-4.63
-2.67
-5.63
-5.00
-3.04
-2.71
-3.22
-4.15
-1.57
-4.49
-5.59
-1.91
-3.91
-3.32
-2.45
-5.12
-2.66
-4.28
-3.37
-3.91
-4.25
-4.65
-4.00
-1.43
-3.46
-4.20
-5.00
-4.64
-2.78
-1.34
-4.67
-4.14
-5.83
-4.11
-3.42
-2.96
-6.09
-5.06
-3.61
-4.31
-4.94
-3.69
-3.90
-3.90
-4.38
-2.35
-5.29
-4.87
-4.21
-4.76
-3.42
-4.30
-3.97
-4.58
-4.25
-5.07
-3.34
-2.76
-5.09
-4.03
-1.68
-4.59
-4.71
-2.79
-3.60
-4.79
-3.52
-4.77
-4.21
-2.85
-4.24
-5.04
-3.45
-5.30
-4.87
-4.99
-5.09
-3.55
-3.72
-2.59
-4.07
-4.51
-4.34
-4.25
-3.71
-3.53
-5.16
-3.71
-2.68
-4.55
-3.58
-2.43
-2.62
-3.70
-3.61
-5.43
-3.59
-3.51
-4.33
-3.40
-2.92
-4.74
-2.92
-3.92
-5.07
-4.02
-4.68
-5.54
-3.30
-3.21
-3.62
-4.37
-3.94
-2.34
-3.02
-4.30
-2.75
-4.87
-3.88
-3.59
-4.77
-2.94
-4.69
-4.07
-4.15
-4.73
-2.86
-3.90
-1.79
-4.59
-4.26
-2.24
-3.68
-1.15
-4.22
-3.24
-1.99
-4.98
-3.17
-4.53
-3.51
-4.75
-4.79
-3.15
-4.05
-1.83
-5.30
-2.80
-4.19
-2.68
-4.34
-4.52
-5.35
-2.54
-3.86
-4.50
-4.74
-4.18
-3.88
-4.48
-4.35
-4.83
-3.36
-3.70
-3.32
-5.74
-3.92
-3.53
-3.29
-4.47
-3.15
-3.75
-2.73
-5.31
-4.73
-3.64
-2.56
-4.19
-4.54
-2.11
-4.27
-4.33
-2.07
-5.69
-3.86
-2.35
-3.88
-5.44
-3.45
-4.43
-1.65
-3.93
-2.45
-4.17
-1.95
-4.63
-2.97
-4.07
-3.43
-4.97
-4.00
-3.65
-4.33
-3.93
-4.73
-2.52
-4.77
-4.09
-3.49
-4.49
-4.03
-3.45
-3.61
-3.94
-5.89
-4.76
-4.97
-5.14
-5.26
-4.06
-5.25
-5.02
-4.07
-5.26
-4.13
-2.79
-4.79
-4.33
-4.23
-4.49
-3.15
-2.97
-4.95
-3.91
-2.46
-4.21
-1.00
-3.19
-4.69
-3.53
-3.80
-4.92
-2.96
-3.80
-5.59
-1.56
-2.01
-5.05
-2.17
-3.02
-4.67
-2.29
-3.78
-4.37
-5.11
-4.18
-5.48
-4.37
-5.04
-3.38
-4.35
-3.65
-3.80
-4.30
-5.96
-4.61
-3.83
-4.01
-5.03
-3.76
-3.80
-4.48
-2.98
-5.12
-5.17
-4.29
-4.06
-4.57
-5.12
-2.38
-4.12
-3.99
-4.06
-4.00
-4.69
-3.76
-4.15
-4.38
-5.92
-4.00
-4.99
-2.25
-3.68
-3.66
-3.60
-3.88
-2.14
-1.80
-2.33
-4.77
-3.38
-4.36
-6.17
-4.08
-2.95
-2.95
-5.27
-3.64
-5.53
-3.60
-5.75
-3.85
-3.62
-4.13
-4.57
-3.55
-2.46
-4.68
-5.17
-4.19
-4.81
-3.89
-4.37
-3.91
-4.21
-4.20
-4.27
-4.03
-4.05
-4.11
-4.32
-2.64
-3.33
-4.35
-4.19
-4.09
-5.99
-5.34
-4.37
-4.10
-4.39
-3.65
-4.30
-4.57
-3.93
-4.34
-2.33
-5.36
-4.02
-4.11
-3.19
-3.56
-3.73
-4.36
-2.48
-2.94
-4.76
-3.99
-2.30
-2.45
-4.82
-4.84
-5.73
-2.48
-2.78
-2.15
-2.72
-5.54
-3.90
-6.00
-3.80
-3.14
-4.25
-3.81
-3.40
-4.96
-4.10
-3.80
-3.83
-3.32
-5.76
-3.74
-4.72
-4.39
-3.78
-4.30
-3.61
-3.74
-3.98
-4.01
-2.15
-3.29
-3.75
-5.16
-4.31
-4.07
-4.98
-4.13
-3.41
-3.99
-5.62
-3.10
-3.00
-2.93
-2.36
-5.47
-4.26
-4.21
-2.70
-4.57
-4.44
-5.63
-0.42
-4.04
-1.98
-2.97
-4.28
-2.05
-3.69
-1.89
-2.72
-2.54
-2.47
-3.72
-4.34
-3.36
-1.99
-5.45
-4.13
-3.18
-0.86
-3.30
-4.32
-5.12
-4.62
-3.65
-3.87
-2.99
-2.85
-1.93
-2.41
-5.60
-2.45
-6.09
-4.23
-2.11
-4.59
-2.66
-3.90
-1.46
-3.69
-3.98
-0.93
-4.19
-2.25
0.25
-2.64
-1.15
-3.08
-3.88
-4.36
-1.96
-3.90
-4.90
-4.62
-5.57
-4.86
-4.36
-3.68
-3.15
-4.82
-2.67
-5.09
-3.57
-3.90
-4.66
-3.25
-3.47
-3.62
-3.80
-1.95
-3.38
-4.08
-4.14
-4.50
-3.62
-4.47
-4.99
-2.86
-4.58
-4.75
-5.61
-2.53
-5.10
-3.93
-2.41
-2.52
-4.84
-5.39
-3.74
-2.57
-2.56
-4.64
-4.14
-2.31
-2.53
-4.51
-2.92
-3.81
-4.47
-4.05
-3.73
-4.80
-4.46
-3.71
-2.91
-4.57
-4.16
-2.55
-5.49
-4.96
-5.31
-5.01
-4.66
-5.01
-4.44
-4.35
-1.31
-3.33
-3.59
-2.59
-2.14
-4.19
-4.03
-3.15
-3.18
-3.04
-4.64
-4.66
-4.35
-4.12
-4.21
-3.76
-2.64
-3.62
-3.24
-3.04
-0.85
-2.11
-2.44
-4.28
-4.73
-2.58
-3.87
-5.76
-5.06
-4.31
-3.08
-4.26
-8.14
-4.08
-3.37
-2.41
-3.14
-3.29
-5.02
-4.12
-2.85
-3.33
-4.12
-5.41
-2.15
-4.74
-4.05
-5.77
-4.21
-3.99
-4.96
-4.95
-4.55
-3.77
-3.56
-3.04
-2.47
-4.96
-2.93
-5.10
-4.51
-3.38
-4.01
-4.73
-4.22
-4.83
-2.65
-5.65
-3.79
-1.29
-3.58
-3.52
-3.30
-4.44
-4.74
-3.88
-3.59
-3.50
-4.62
-3.16
-3.98
-4.44
-4.76
-3.35
-4.99
-4.24
-5.63
-5.17
-2.93
-2.93
-4.98
-5.32
-3.88
-5.39
-3.81
-5.12
-3.17
-4.77
-4.36
-3.98
-3.15
-3.58
-5.00
-4.27
-4.64
-5.53
-4.70
-4.06
-1.59
-4.84
-3.07
-2.44
-4.05
-2.73
-1.40
-2.84
-3.10
-4.99
-3.82
-3.37
-5.29
-3.37
-5.19
-3.71
-4.02
-2.92
-4.50
-4.77
-3.53
-5.44
-4.79
-1.18
-1.41
-3.10
-3.23
-4.42
-2.31
-3.30
-4.73
-4.43
-4.37
-5.35
-2.48
-2.35
-4.75
-5.09
-2.76
-3.64
-4.59
-4.77
-2.76
-3.72
-4.92
-6.24
-2.00
-4.16
-3.06
-3.36
-4.94
-5.15
-3.97
-3.79
-5.03
-5.03
-6.91
-3.23
-1.87
-2.19
-3.05
-4.27
-3.45
-3.78
-5.75
-4.87
-5.10
-3.89
-5.05
-4.24
-2.35
-5.88
-4.67
-4.12
-3.83
-4.29
-5.12
-2.19
-3.80
-3.67
-4.54
-5.26
-2.98
-3.33
-2.85
-2.38
-4.66
-3.83
-4.69
-3.97
-4.47
-3.85
-2.52
-2.78
-3.24
-4.36
-5.54
-2.28
-1.45
-4.63
-3.68
-1.88
-5.41
-3.20
-4.78
-4.27
-4.63
-2.97
-4.49
-4.21
-3.79
-4.10
-3.41
-4.80
-3.39
-5.27
-5.66
-4.67
-2.05
-3.45
-4.82
-6.39
-4.93
-3.38
-3.08
-4.06
-5.41
-3.75
-4.65
-3.07
-4.18
-2.80
-3.02
-2.94
-4.08
-3.09
-2.29
-5.46
-2.08
-3.55
-2.65
-1.75
-2.01
-2.81
-4.20
-1.78
-3.98
-3.53
-1.68
-2.71
-2.39
-3.87
-3.73
-4.41
-3.62
-3.85
-4.87
-2.96
-3.83
-3.99
-4.26
-4.17
-4.02
-3.34
-4.16
-3.71
-2.02
-3.86
-4.35
-4.06
-4.04
-3.65
-4.35
-5.00
-4.68
-3.92
-3.71
-3.52
-4.06
-3.43
-4.34
-4.32
-3.27
-3.40
-2.33
-3.94
-5.52
-5.26
-4.91
-2.94
-2.65
-3.93
-4.43
-5.24
-4.20
-3.68
-4.55
-2.34
-4.14
-2.85
-3.96
-3.99
-4.20
-3.04
-3.39
-3.50
-3.19
-4.80
-3.50
-3.88
-3.28
-3.64
-5.11
-3.23
-5.14
-4.46
-3.60
-1.77
-3.17
-4.61
-4.92
-1.41
-2.52
-4.79
-3.32
-4.02
-5.05
-3.59
-2.25
-2.44
-4.72
-3.42
-3.64
-3.01
-3.85
-1.94
-1.25
-2.03
-2.24
-5.89
-5.01
-3.43
-3.54
-5.50
-5.32
-3.85
-4.08
-5.75
-4.79
-6.21
-5.09
-4.12
-4.91
-4.99
-4.31
-4.14
-4.17
-4.60
-4.82
-3.68
-3.22
-3.97
-2.84
-3.76
-3.14
-3.94
-3.90
-3.89
-5.21
-4.98
-4.98
-5.60
-4.15
-5.99
-3.21
-4.74
-4.52
-2.23
-4.02
-4.76
-5.08
-3.97
-4.54
-4.66
-5.39
-2.05
-4.29
-5.20
-3.14
-4.02
-4.47
-3.03
-3.46
-5.28
-4.67
-4.95
-2.24
-4.53
-2.67
-2.78
-4.10
-2.26
-4.89
-2.80
-2.71
-2.84
-3.45
-1.34
-1.46
-3.30
-3.94
-0.65
-4.59
-4.12
-4.20
-2.31
-2.02
-1.16
-2.53
-5.11
-1.11
-3.08
-1.22
-2.66
-2.78
-2.78
-5.06
-3.95
-4.41
-3.54
-4.40
-2.90
-2.40
-1.26
-1.26
-1.26
-3.72
-3.26
-2.44
-4.59
-2.80
-4.29
-4.62
-4.24
-3.74
-4.27
-3.67
-3.86
-3.69
-1.67
-5.85
-5.17
-4.00
-3.77
-5.87
-5.05
-4.45
-5.05
-3.88
-2.10
-3.10
-2.80
-3.04
-1.61
-3.38
-4.42
-2.52
-3.74
-3.23
-1.07
-4.83
-4.62
-4.13
-4.38
-2.87
-4.26
-3.31
-4.48
-3.54
-5.26
-4.95
-3.03
-4.99
-4.81
-4.99
-5.30
-5.45
-4.51
-2.56
-5.06
-3.04
-4.94
-5.06
-4.25
-4.47
-5.13
-4.53
-1.08
-2.50
-6.09
-2.43
-5.20
-5.69
-5.58
-2.61
-2.64
-3.63
-3.32
-3.81
-4.05
-3.54
-4.33
-5.04
-2.34
-3.54
-4.28
-5.04
-3.89
-3.73
-4.00
-4.29
-4.44
-2.33
-2.77
-4.70
-4.69
-4.41
-3.79
-4.45
-3.74
-3.69
-5.10
-4.25
-4.23
-4.23
-3.68
-4.37
-5.68
-3.86
-4.15
-4.39
-4.00
-4.77
-3.76
-2.36
-3.54
-2.83
-3.27
-4.09
-5.08
-4.50
-3.90
-3.81
-4.61
-2.54
-3.49
-3.03
-4.25
-3.59
-3.31
-3.69
-4.89
-4.79
-3.81
-3.55
-2.31
-3.80
-2.94
-5.44
-4.73
-1.26
-3.90
-4.57
-3.93
-2.84
-2.08
-5.84
-5.44
-5.36
-2.68
-2.19
-4.01
-5.08
-4.71
-4.52
-3.74
-1.75
-2.15
-2.91
-5.79
-5.66
-4.76
-2.57
-3.64
-4.81
-1.93
-4.94
-3.72
-3.87
-3.41
-4.39
-4.58
-4.78
-3.20
-4.34
-4.72
-5.78
-5.03
-4.62
-4.67
-4.42
-4.42
-4.70
-4.75
-3.18
-2.30
-3.90
-5.03
-2.90
-2.78
-3.98
-2.46
-3.60
-5.03
-3.44
-5.45
-3.45
-4.08
-3.50
-4.57
-3.98
-3.88
-2.70
-1.42
-3.87
-4.09
-2.16
-4.08
-3.38
-2.24
-3.35
-4.13
-4.92
-3.30
-3.48
-3.66
-4.16
-5.55
-4.09
-2.98
-3.12
-5.64
-3.82
-4.13
-4.72
-1.51
-4.15
-3.60
-5.40
-2.27
-1.97
-2.87
-2.37
-4.24
-1.75
-3.70
-2.74
-2.17
-4.59
-2.41
-3.37
-2.93
-2.13
-4.56
-2.83
-4.29
-4.92
-5.36
-5.66
-4.49
-3.89
-4.49
-2.47
-3.77
-4.36
-3.64
-2.96
-4.63
-2.43
-3.15
-3.62
-3.42
-4.21
-5.15
-4.49
-2.36
-1.61
-3.16
-3.57
-4.31
-4.36
-3.21
-3.90
-3.90
-3.07
-2.74
-5.05
-3.49
-3.85
-3.88
-4.73
-3.49
-3.54
-3.77
-4.46
-3.87
-1.82
-3.85
-4.56
-2.55
-3.78
-3.77
-5.20
-5.38
-3.23
-3.64
-3.07
-5.23
-0.99
-2.01
-4.12
-3.21
-5.12
-4.34
-3.90
-4.24
-4.77
-4.84
-3.01
-2.54
-4.25
-5.27
-4.07
-4.08
-4.60
-2.54
-3.81
-3.46
-4.31
-4.61
-4.59
-4.12
-4.37
-3.23
-2.80
-1.60
-2.03
-2.45
-2.65
-3.07
-2.62
-2.99
-3.35
-2.31
-0.86
-3.90
-5.38
-3.97
-4.27
-4.85
-2.74
-3.50
-4.06
-4.02
-4.93
-4.52
-5.49
-4.32
-5.50
-4.52
-5.09
-5.05
-1.48
-5.25
-4.43
-2.93
-3.05
-2.23
-4.49
-2.46
-3.42
-3.42
-2.02
-3.56
-2.51
-1.26
-5.18
-3.75
-3.59
-4.19
-3.15
-3.24
-3.39
-4.67
-4.64
-4.54
-4.20
-3.35
-2.73
-4.21
-2.95
-3.63
-1.64
-3.74
-1.81
-1.89
-4.41
-1.40
-4.20
-3.68
-3.80
-3.05
-3.44
-1.32
-2.06
-2.17
-5.50
-4.39
-4.31
-3.72
-3.75
-3.67
-2.69
-2.69
-4.24
-4.50
-4.31
-4.24
-5.97
-4.85
-3.77
-3.37
-3.27
-3.55
-4.54
-4.65
-4.47
-4.33
-4.16
-4.38
-3.12
-3.37
-1.15
-4.63
-3.80
-3.34
-3.92
-4.04
-3.99
-4.46
-4.81
-4.49
-1.71
-2.00
-3.74
-3.74
-3.79
-4.90
-5.98
-2.51
-3.60
-3.30
-3.56
-2.16
-5.06
-2.44
-5.55
-5.33
-3.48
-5.17
-5.42
-4.82
-4.71
-4.95
-3.82
-3.71
-3.73
-3.30
-3.85
-3.11
-3.01
-2.73
-3.40
-4.46
-3.59
-4.50
-3.71
-3.81
-3.89
-3.80
-4.50
-3.68
-3.39
-3.60
-3.52
-4.35
-2.11
-3.54
-4.42
-4.21
-2.50
-4.05
-1.40
-3.35
-4.50
-3.57
-3.97
-0.80
-1.35
-4.66
-1.39
-0.68
-2.05
-2.43
-2.55
-5.02
-3.20
-2.67
-4.57
-4.36
-3.58
-3.70
-3.59
-1.83
-4.80
-3.69
-5.07
-2.42
-3.31
-4.34
-4.71
-2.67
-5.18
-4.28
-5.42
-3.74
-4.44
-5.65
-4.89
-4.79
-3.14
-4.16
-4.39
-4.01
-3.99
-3.45
-4.53
-3.69
-3.38
-3.64
-5.26
-2.09
-3.01
-1.47
-2.68
-4.06
-3.24
-3.35
-3.92
-3.12
-2.89
-3.60
-5.10
-4.64
-4.21
-4.52
-4.57
-3.98
-5.14
-4.59
-4.82
-4.65
-3.82
-4.46
-5.08
-4.33
-1.89
-1.74
-5.07
-1.05
-3.59
-4.74
-4.06
-4.72
-1.97
-4.27
-5.38
-2.98
-4.48
-4.24
-3.40
-2.13
-5.11
-3.51
-4.34
-5.44
-3.99
-4.60
-1.20
-3.84
-1.76
-4.02
-3.14
-3.98
-2.40
-2.57
-5.04
-4.25
-3.74
-4.26
-4.68
-4.82
-4.78
-4.24
-4.63
-3.52
-3.34
-4.02
-3.32
-5.26
-4.25
-3.65
-4.70
-1.47
-3.77
-3.16
-4.03
-3.87
-3.98
-1.36
-5.81
-4.67
-4.44
-1.92
-1.75
-4.76
-4.35
-5.37
-4.56
-3.82
-3.82
-5.43
-5.30
-2.58
-1.87
-3.90
-4.20
-4.33
-5.36
-2.24
-3.14
-2.87
-3.18
-5.18
-4.25
-3.65
-3.99
-4.31
-3.32
-4.09
-2.55
-3.67
-1.90
-4.46
-3.59
-1.52
-1.28
-3.86
-1.08
-4.43
-4.01
-1.99
-4.02
-3.52
-4.59
-3.78
-4.68
-3.38
-2.47
-5.56
-4.02
-4.77
-5.94
-3.96
-5.34
-3.56
-4.87
-5.13
-2.83
-1.55
-4.66
-2.74
-2.20
-6.51
-3.82
-3.35
-2.76
-3.17
-2.53
-1.21
-4.37
-2.40
-4.23
-4.67
-5.31
-2.49
-2.86
-2.02
-4.29
-2.42
-3.44
-3.20
-5.44
-2.72
-2.96
-3.46
-5.55
-0.47
-1.48
-2.43
-2.02
-2.08
-1.18
-3.08
-5.73
-5.29
-0.59
-3.83
-2.70
-0.87
-5.22
-4.02
-4.99
-3.07
-4.30
-4.10
-3.57
-3.38
-4.14
-4.31
-5.10
-3.44
-3.64
-6.09
-3.59
-2.85
-2.19
-4.62
-5.07
-4.22
-3.80
-4.67
-1.15
-4.21
-3.23
-4.16
-3.02
-4.50
-3.97
-3.11
-3.11
-2.90
-2.03
-5.10
-4.77
-3.76
-4.56
-3.98
-4.86
-2.65
-4.81
-4.03
-3.72
-4.48
-5.66
-3.55
-1.71
-4.24
-3.49
-3.49
-4.10
-1.81
-3.70
-4.31
-4.06
-4.20
-4.74
-4.54
-4.18
-4.68
-4.43
-4.56
-4.22
-3.08
-5.10
-4.80
-4.44
-4.36
-4.09
-3.59
-3.59
-4.10
-3.83
-3.01
-2.50
-3.40
-4.64
-2.66
-1.63
-3.97
-3.82
-5.13
-1.29
-4.24
-3.67
-2.77
-2.78
-5.71
-3.90
-4.18
-2.65
-3.49
-2.86
-1.79
-3.97
-3.35
-4.41
-4.14
-2.29
-3.80
-1.96
-3.37
-3.13
-3.45
-5.55
-4.37
-2.73
-4.27
-2.97
-3.56
-4.05
-2.77
-1.76
-2.73
-1.97
-4.06
-3.63
-2.71
-1.23
-5.09
-4.00
-5.13
-2.06
-3.53
-2.01
-3.78
-2.79
-3.98
-1.24
-3.00
-3.37
-2.82
-3.88
-3.31
-3.29
-6.44
-3.93
-3.76
-5.38
-3.28
-0.25
-4.45
-5.21
-2.55
-4.80
-3.92
-1.22
-4.93
-5.29
-4.91
-5.49
-4.88
0.29
-5.39
0.04
0.36
-4.82
-1.97
-5.14
-4.78
-1.56
-1.85
-1.38
-2.86
-2.17
-1.98
-0.44
-2.57
0.57
-0.62
-5.39
-4.77
-5.03
-5.01
-4.50
-4.87
-4.66
-4.65
-3.96
-3.01
-4.35
-4.93
-5.40
-3.42
-3.62
-4.34
-6.13
-3.97
-4.80
-3.20
-6.53
-5.17
-3.34
-2.48
-4.55
-4.98
-3.02
-5.67
-5.53
-5.53
-5.26
-6.46
-3.72
-4.09
-5.00
-1.05
-7.02
-2.03
-4.30
-5.20
-0.60
-4.74
-4.58
-2.47
-4.13
-3.66
-3.79
-4.94
-3.73
-2.81
-3.85
-1.90
-3.45
-3.77
-3.00
-5.70
-3.56
-5.24
-4.62
-3.82
-4.54
-4.67
-4.84
-3.34
-2.95
-4.26
-3.49
-3.51
-4.33
-3.33
-4.76
-7.09
-3.60
-3.76
-4.35
-4.54
-3.41
-3.78
-3.79
-1.93
-3.52
-4.05
-2.32
-5.45
-3.97
-5.62
-4.07
-6.95
-2.79
-6.71
-4.32
-1.70
-4.01
-4.60
-1.12
-5.14
-3.78
-2.66
-1.26
-3.90
-2.32
-3.62
-3.65
-3.35
-2.60
-3.93
-4.86
-5.00
-2.47
-4.05
-2.93
-5.63
-4.94
-2.68
-6.32
-4.72
-4.81
-3.89
-3.97
-2.66
-1.91
-3.43
-6.78
-3.91
-3.83
-3.41
-5.02
-5.46
-5.47
-5.44
-3.24
-5.42
-5.69
-1.37
-5.80
-6.32
-3.58
-3.61
-4.03
-2.76
-1.13
-2.87
-3.28
-5.31
-4.06
-3.91
-4.34
-4.21
-1.11
-5.61
-4.28
-1.25
-4.40
-2.68
-5.40
-4.57
-5.79
-4.92
-2.55
-4.64
-4.06
0.72
-4.41
-3.56
-4.68
-7.38
-4.38
-4.13
-3.74
-4.69
-5.61
-4.36
-3.80
-2.68
-2.06
-2.34
-4.31
-8.20
-3.95
-1.25
-3.22
-3.01
-3.95
-3.92
-3.41
-4.90
-4.84
-4.94
-1.05
-7.52
-3.69
-1.19
0.13
-2.76
-3.43
-4.56
-0.61
-3.61
-4.93
-0.89
-5.28
-1.43
-1.72
-3.70
-2.89
-3.15
-5.79
-3.83
-1.50
-1.15
-5.41
-5.50
-1.40
-1.75
-5.54
-4.79
-4.31
-0.54
-3.94
0.63
-4.86
-5.76
-5.24
-3.88
-1.60
-3.91
-5.71
-5.64
-5.32
-4.04
-4.42
-3.56
-4.41
-4.39
-3.55
-4.33
-4.62
-4.32
-4.00
-4.25
-3.78
-5.79
-3.14
-2.28
-4.35
-2.65
-4.14
-4.08
-5.63
-5.96
-4.24
-5.43
-2.95
-3.63
-2.75
-2.87
-4.42
-5.49
-4.01
-4.80
-2.74
-0.95
-4.22
-2.84
-2.44
-3.55
-2.91
-1.48
-4.19
-3.57
-3.48
-4.08
-4.05
-4.22
-4.51
-3.69
-4.22
-2.25
-1.50
-4.01
-3.73
-5.63
-5.09
-4.54
-5.85
-5.32
-5.94
-5.18
-3.16
-6.41
-5.31
-4.74
-5.79
-6.73
-5.12
-4.03
-3.33
-1.22
-3.33
-0.58
-3.92
-3.08
-1.11
-1.36
-1.60
-1.44
-2.80
-1.97
-1.24
-1.16
-1.01
-4.53
-2.46
-4.37
-1.58
-6.65
-5.21
-5.33
-1.26
-2.75
-0.01
-1.02
-1.41
1.08
-5.03
-5.08
-1.35
-2.03
-3.21
-3.66
-3.31
-2.71
-5.03
-3.60
-5.48
-5.64
-5.00
-5.67
-4.99
-3.72
-3.30
-5.29
-3.89
-1.97
-2.84
-4.71
-3.78
-4.92
0.61
-0.29
-5.00
-3.07
-6.75
-0.68
-1.16
-4.35
-1.72
-4.86
-4.16
-1.69
-5.30
-2.22
-2.52
-3.12
-3.85
-4.00
0.78
-4.74
-4.01
-1.68
-3.31
-0.23
-2.17
-3.27
-4.48
-7.31
-6.62
-3.16
-3.72
-4.73
0.72
-2.63
0.92
-4.06
-0.16
-0.13
0.40
-1.94
-2.03
0.03
0.76
1.10
-5.63
-2.60
0.21
-3.48
-4.54
-0.91
-6.13
-5.70
-5.81
-0.49
-0.12
-0.71
-2.02
0.84
-0.54
0.38
-0.06
-4.99
-1.42
-3.44
-7.48
-3.72
-0.42
-1.59
-4.30
-2.21
-0.46
-3.00
-7.72
-1.09
-0.13
-2.08
-4.67
0.83
-1.52
-1.95
0.48
-1.85
-2.94
-2.26
-7.78
-0.99
-0.71
0.53
1.08
-1.09
-0.25
-1.54
-2.76
-1.97
-5.04
-3.24
-3.09
-3.78
-3.57
-0.56
-3.14
-1.40
-5.94
-5.76
-1.69
-7.04
-4.18
-3.16
-4.16
-0.10
-3.67
-0.72
-1.16
-4.00
-2.00
-6.27
-4.53
0.02
-0.84
-4.70
-7.52
-3.22
-5.56
-6.13
-2.59
-4.66
-1.08
-1.06
-5.52
-2.63
-4.13
-3.14
-3.60
-6.16
-6.16
-2.71
-0.71
-5.53
-0.99
-4.75
-5.28
-3.15
-3.34
-3.32
-1.07
-6.15
-2.06
-7.26
-6.38
-2.04
-2.69
-0.76
-4.39
-6.86
-1.68
-4.10
-3.69
-4.45
-6.86
-5.41
-2.36
-2.89
-6.57
-2.45
-2.24
-0.27
-5.06
-4.66
-1.10
-3.40
-2.57
-1.52
-4.14
-3.15
-2.03
-5.07
-5.61
-4.39
-2.87
-5.09
-2.91
-4.12
-4.90
-4.49
-5.91
-4.25
-2.93
-3.48
-2.36
-3.56
-4.73
-1.56
-4.62
-2.26
-4.72
-3.41
-3.01
-3.89
0.67
-5.30
-4.90
-3.63
-5.97
-3.21
-8.07
-3.94
-5.85
-5.40
-1.31
-1.11
-1.82
-5.36
-5.37
-1.59
-7.89
-3.20
-2.45
-4.60
-1.17
-5.03
-5.76
-4.88
-3.32
-3.57
-4.09
-4.50
-1.31
-4.76
-2.72
-3.88
-5.43
-5.01
-3.97
-4.43
-4.43
-5.38
-1.95
-1.27
-5.16
-5.32
-3.98
-5.11
-2.66
-4.74
-3.32
-6.19
-4.92
-5.08
-4.61
-3.95
-5.30
-4.69
-3.86
-5.20
-4.27
-3.89
-2.02
-3.08
-3.65
-1.00
-4.60
-3.90
-5.24
-4.81
-0.76
-3.74
-4.29
-2.35
-6.01
-1.21
-3.69
-3.28
-3.06
-4.25
0.40
-5.57
-2.96
-1.77
-4.03
-3.40
-6.03
-5.48
-4.85
-1.31
-5.34
-5.31
-4.13
-2.33
-4.64
-3.59
-2.91
-4.63
-6.91
-3.70
-4.35
-3.31
-3.96
-2.38
-4.03
-4.62
-5.35
-1.47
-3.02
-4.68
-4.11
-4.35
-4.43
-1.54
-4.27
-4.57
-4.87
-3.28
-5.19
-4.33
-3.78
0.16
-3.56
-4.49
-2.13
-3.85
-3.90
-3.76
-6.86
-3.95
-2.36
-4.68
-4.10
-4.08
-2.91
-4.46
-3.56
-5.18
-4.51
-3.33
-5.96
-3.51
-3.58
-5.59
-2.39
-4.11
-4.62
-4.62
-3.72
-5.26
-4.10
-3.79
-5.05
-4.44
-2.12
-4.83
-4.17
-4.25
-1.42
-3.65
-4.36
-2.96
-2.33
-1.24
-5.31
-5.05
-4.42
-2.22
-4.89
-3.47
-4.33
-4.06
-4.58
-3.13
-1.23
-3.91
-3.92
-4.76
-1.04
-5.54
-3.76
-6.53
-3.13
-5.47
-6.00
-4.02
-5.40
-4.95
-5.20
-4.92
-2.11
-3.45
-3.02
-3.50
-4.12
-3.00
-2.18
-5.21
-3.71
-3.07
-2.14
-3.57
-4.92
-4.14
-4.67
-3.74
-4.54
-4.81
-4.87
-3.13
-2.81
-4.32
-5.59
-4.82
-4.83
-4.35
-4.54
-5.54
-1.06
-3.35
-1.08
-4.92
-5.37
-5.50
-4.92
-5.28
-5.37
-6.95
-4.50
-5.30
-3.36
-4.54
-3.64
-1.79
-5.37
-5.31
-5.71
-4.42
-4.87
-3.24
-5.18
-2.34
-3.30
-4.68
-3.75
-3.89
-3.86
-3.45
-4.36
-5.23
-4.49
-3.44
-2.03
-3.61
-4.52
-2.89
-4.29
-4.92
-4.21
-0.18
-3.59
-5.22
-5.43
-2.98
-5.01
-4.74
-3.17
-5.68
-4.54
-4.74
-5.14
-4.52
-3.20
-4.20
-4.04
-5.55
-2.29
-3.30
-0.03
-4.40
-3.82
-5.29
-4.82
-3.83
-4.05
-4.85
-2.27
-1.90
-3.72
-2.61
-4.21
-2.30
-4.82
-3.40
-2.78
-5.19
-4.90
-3.80
-2.08
-4.79
-3.80
-3.63
-5.05
-2.48
-4.57
-4.33
-2.80
-5.00
-3.85
-5.05
-3.88
-5.13
-3.23
-4.92
-5.01
-3.59
-4.54
-3.49
-3.95
-3.15
-4.09
-3.96
-4.49
-5.25
-3.48
-4.83
-4.20
-3.90
-5.41
-4.62
-4.03
-3.67
-5.89
-4.80
-4.02
-2.93
-4.27
-4.64
-2.87
-3.03
-3.96
-5.15
-3.95
-1.37
-3.50
-3.93
-4.50
-4.99
-3.78
-4.67
-4.84
-4.42
-3.87
-5.20
-4.05
-4.70
-4.39
-3.80
-4.69
-4.87
-2.73
-4.75
-4.25
-3.88
-5.51
-4.95
-2.61
-4.23
-5.05
-1.68
-2.01
-6.17
-1.53
-2.39
-3.91
-5.68
-2.65
-3.93
-5.14
-6.31
-4.87
-6.46
-3.48
-4.95
-3.22
-3.01
-4.71
-3.67
-4.30
-3.04
-3.67
-4.96
-3.97
-4.39
-3.91
-2.75
-1.47
-4.03
-3.43
-5.67
-4.99
-3.46
-5.12
-3.91
-5.43
-4.76
-2.96
-3.92
-4.25
-2.95
-4.96
-5.59
-4.56
-4.01
-3.61
-1.86
-3.91
-5.20
-4.76
-0.72
-5.01
-3.75
-4.16
-4.30
-5.29
-3.88
-1.26
-2.48
-2.18
-5.00
-3.81
-1.76
-3.64
-3.28
-3.24
-6.74
-1.80
-2.29
-5.14
-3.79
-4.62
-7.07
-3.80
-7.81
-4.87
-3.50
-5.12
-2.92
-3.61
-0.75
-4.27
-3.32
-4.81
-4.68
-3.57
-4.14
-4.16
-3.16
-3.67
-4.52
-5.90
-5.12
-4.59
-4.39
-4.32
-4.78
-0.68
-4.30
-4.53
-5.96
-5.45
-4.25
-5.65
-4.38
-3.32
-1.35
-4.32
-2.75
-2.94
-3.72
-4.60
-4.11
-3.66
-4.50
-5.94
-1.37
-4.32
-4.96
-6.87
-4.69
-5.15
-4.48
-3.69
-6.00
-4.34
-2.52
-3.29
-4.29
-2.57
-4.84
-1.29
-4.90
-3.70
-5.51
-4.28
-3.90
-5.15
-2.02
-5.89
-4.23
-4.70
-3.87
-3.57
-4.73
-4.35
-5.00
-3.21
-4.41
-5.22
-3.18
-3.93
-3.16
-3.72
-6.14
-4.56
-4.91
-2.86
-2.90
-0.52
-5.10
-6.27
-3.70
-4.47
-4.93
-3.52
-6.51
-6.20
-3.83
-4.48
-2.34
-3.92
-2.15
-4.41
-3.46
-3.85
-4.45
-2.27
-3.62
-5.85
-4.33
-2.79
-5.48
-2.09
-6.35
-4.06
-3.85
-4.94
-4.61
-5.52
-3.23
-4.00
-3.48
-4.42
-2.56
-4.49
-4.99
-4.38
-6.62
-4.12
-3.94
-4.37
-4.76
-2.87
-5.77
-4.44
-3.75
-5.78
-4.05
-3.35
-2.39
-4.31
-4.21
-2.59
-3.88
-4.72
-3.50
-3.20
-4.56
-0.61
-2.13
-4.18
-4.57
-5.32
-4.98
-6.47
-4.91
-5.51
-5.37
-5.42
0.24
-3.12
-3.55
-5.17
-3.55
-5.27
-4.61
-4.51
-6.08
-4.48
-4.82
-5.36
-5.79
-4.99
-3.73
-1.07
-2.82
-4.45
-4.10
-4.30
-3.02
-2.00
-4.01
-6.66
-5.79
-3.61
-4.08
-4.68
-1.85
-4.03
-5.31
-2.19
-4.84
-5.04
-3.22
-2.08
-3.51
-4.59
-3.78
-1.55
-4.44
-1.37
-3.26
-5.06
-3.83
-5.35
-6.21
-4.33
-4.49
-2.08
-4.27
-3.88
-4.78
-5.35
-3.38
-1.71
-4.24
-3.04
-4.10
-5.22
-4.87
-5.64
-5.35
-3.29
-2.15
-4.34
-4.15
-5.63
-5.20
-5.13
-2.87
-4.76
-3.53
-4.31
-1.55
-1.56
-3.43
-5.43
-2.71
-4.80
-3.77
-6.91
-5.25
-4.79
-3.33
-1.45
-4.13
-5.06
-1.84
-5.47
-4.60
-4.52
-4.03
-5.16
-5.51
-5.55
-5.01
-4.12
-3.10
-2.67
-6.10
-4.97
-1.60
-3.73
-2.95
-3.41
-4.70
-2.65
-1.61
-4.92
-3.78
-2.76
-4.77
-0.14
-2.09
-5.35
-2.39
0.99
-4.45
-3.42
-3.85
-0.29
-3.75
-4.87
-5.42
-2.49
-4.16
-3.40
-1.26
-3.38
-3.95
-2.34
-6.32
-0.39
-1.25
-4.89
-4.67
-3.30
-4.02
-2.28
-3.31
-6.35
-4.37
-3.32
-0.07
-1.71
-6.37
-5.61
-6.45
-4.37
-2.28
-4.46
-4.62
-4.80
-4.73
-4.44
-4.01
-4.83
-4.07
-2.41
-4.13
-4.42
-1.53
-4.67
-3.82
-5.67
-3.76
-2.76
-4.74
-3.42
0.54
0.93
-4.88
-3.62
-4.41
-5.31
-2.96
-8.20
-1.55
-4.66
-4.23
-4.13
-0.18
-2.15
-3.34
-3.22
-4.08
-5.43
-3.80
-2.77
-3.58
-4.16
-4.69
-3.36
-5.19
-2.17
-3.08
-5.17
-4.63
-5.44
-5.07
-4.77
-4.40
-4.56
-5.14
-6.47
-6.18
-3.71
-4.09
-4.27
-3.55
-3.56
-3.93
-4.40
-3.82
-4.67
-2.08
-3.44
-5.22
-3.92
-5.85
-5.36
-3.28
-4.91
-5.01
-4.00
-3.89
-4.92
-2.76
-7.90
-1.78
-6.09
-3.79
-3.92
-4.01
-4.29
-4.56
-1.46
-5.17
-2.15
-3.93
-1.80
-3.79
-3.40
-3.38
-4.30
-1.68
-0.86
-1.74
-5.11
-3.14
-6.34
-4.34
-7.33
-3.56
-3.83
-1.59
-4.87
-2.69
-4.41
-5.11
-5.63
-5.97
-4.77
-3.87
-5.37
-5.61
-5.16
-4.74
-3.71
-4.91
-5.68
-3.65
-5.44
-3.87
-5.09
-6.61
-6.04
-3.50
-3.94
-4.94
-6.11
-2.86
-5.60
-5.15
-2.59
-2.38
-3.98
-3.26
-4.47
-5.50
-3.45
-5.28
-4.65
-5.27
-4.08
-3.32
-2.75
-4.93
-5.80
-4.82
-3.79
-5.74
-4.58
-3.45
-2.93
-3.81
-6.78
-4.65
-4.22
-3.48
-4.69
-5.75
-3.77
-3.64
-0.07
-3.64
-3.64
-5.42
-4.46
-3.79
-4.89
-4.50
-4.20
-2.98
-3.75
-5.88
-3.48
-4.01
-3.72
-4.44
-2.37
-5.37
-5.51
-3.76
-4.82
-5.51
-3.94
-1.34
-5.77
-4.54
-5.79
-5.06
-5.78
-4.76
-1.67
-4.35
-4.17
-1.81
-3.78
-6.29
-4.98
-3.81
-3.86
-5.70
-3.46
-2.52
0.21
-4.69
-5.09
-4.09
-4.72
-3.38
-6.62
-3.20
-2.71
-6.25
-0.19
-2.56
-0.04
-3.53
-3.25
-0.95
-3.29
-5.02
-5.35
-3.06
-4.05
-3.96
-4.81
-1.70
-4.24
-4.87
-4.24
-3.48
-2.67
-5.66
-7.81
-3.68
-3.24
-4.84
-6.11
-6.64
-3.56
-3.29
-3.22
-5.34
-6.78
-5.69
-1.33
-1.81
-5.07
-1.79
-2.89
-2.46
-3.61
-3.69
-5.25
-5.01
-2.48
-3.66
-5.55
-3.47
-6.00
-2.54
-1.58
-4.92
-5.24
-7.44
-2.70
-4.20
-5.28
-2.13
-3.04
-3.22
-6.31
-5.07
-3.29
-4.53
-1.83
-0.20
-4.12
-6.16
1.08
-3.33
-4.46
-2.70
-3.90
-5.95
-4.10
-4.49
-4.80
-2.00
0.84
-4.04
-6.08
-5.85
-4.04
-2.58
-4.35
-1.59
-4.27
-1.28
-3.09
-3.84
-5.56
-4.79
-4.39
-3.94
-3.78
-5.15
-0.94
-2.92
-2.19
-5.14
-3.74
-3.67
-2.90
-1.43
-4.32
-2.90
-2.85
0.16
-3.14
-1.56
-3.77
-4.54
-0.89
-4.89
-4.49
-4.31
-4.95
-3.55
-4.37
-2.36
-2.01
-4.01
-3.26
-3.54
-2.68
-4.78
-4.54
-6.84
-3.44
-3.56
-3.88
-2.04
-3.74
0.04
-0.55
-2.30
-2.71
-1.66
-1.48
-3.85
-2.20
-3.80
-3.08
-5.40
-2.64
-3.35
-4.20
-4.29
-4.34
-5.16
-3.60
-2.83
-3.92
-2.77
-1.81
0.45
0.16
-5.27
-5.37
-5.05
-3.94
-4.59
-5.62
-5.12
-3.68
-4.66
-4.24
-4.69
-5.17
-3.74
-2.80
-4.18
-4.74
-1.88
-6.51
-3.48
-3.75
-2.81
-4.77
-4.11
-4.29
-4.16
-4.18
-5.16
-5.21
-4.11
-5.07
-3.73
-5.70
-2.37
-1.40
-3.54
-4.20
-5.38
-4.84
-5.20
0.08
-3.37
-4.00
-3.89
-5.05
-4.64
-2.99
-3.37
-1.82
-3.88
-2.17
-4.92
-0.31
-4.40
-4.32
-5.02
-4.26
-8.16
-4.32
-4.51
-6.01
-4.25
-5.13
-2.08
-3.66
-3.91
-3.18
-5.10
-5.43
-5.25
-5.06
-2.69
-1.28
-4.10
-4.41
-5.74
-4.67
-3.10
-2.72
-4.06
-4.24
-2.60
-5.09
-3.47
-5.47
-1.30
-4.09
-4.89
-6.45
-2.51
-4.22
-3.65
-2.85
-4.41
-3.20
-4.99
-1.53
-3.62
-5.44
-2.26
-5.07
-2.94
-4.28
-4.30
-5.39
-4.18
-5.67
-6.07
-1.51
-1.75
-4.21
-3.53
-3.22
-4.48
-3.89
-4.35
-2.36
-2.39
-3.94
-2.79
-4.52
-6.02
-5.47
-0.74
-1.00
-3.73
-3.55
-3.67
0.47
-2.42
-4.65
-2.72
-6.61
-4.72
-4.26
-2.35
-4.16
-3.64
-6.04
-4.88
-2.05
-1.21
-1.10
-5.45
-0.35
0.11
-3.48
-0.96
-1.52
-1.29
-4.76
-4.77
-2.74
-1.32
-4.79
-3.03
-5.14
-2.90
-3.69
-4.01
-5.37
-3.12
-3.35
0.43
-4.63
-0.09
-5.82
-3.48
-3.31
-5.04
-1.78
-2.33
-5.55
-1.88
-2.19
-5.38
-5.17
-0.06
-3.83
-3.02
-0.66
-3.87
-3.49
-1.99
-2.11
-3.73
-4.09
-2.51
-0.93
-1.83
-3.01
-4.09
-2.98
1.20
-4.18
-3.21
-4.96
-3.95
-4.18
-0.62
-2.79
-4.09
-3.94
-3.47
-5.90
-7.33
-4.82
-3.52
-0.76
-2.39
-4.57
-1.04
-2.87
-3.13
-5.62
-0.94
-4.68
-4.85
-4.67
-5.98
0.55
-3.71
-3.24
-4.38
-3.72
-4.90
-4.60
-6.02
0.60
-3.39
0.09
0.52
-0.98
-4.18
-3.78
-4.00
-2.39
-2.58
-4.13
-2.53
-5.26
-3.80
-3.40
-2.17
-3.16
-3.44
-1.32
-4.09
-3.52
-3.75
-1.27
-2.01
-3.60
-4.47
-3.52
-3.05
-4.44
-6.04
-4.45
-3.32
-1.40
-4.79
-4.58
-4.11
-2.13
-4.38
-1.80
-4.31
-4.80
-4.11
-3.57
-3.98
-3.35
-5.32
-4.26
0.15
-3.42
-0.94
-3.95
-7.04
-5.00
-3.84
-2.08
-1.43
-5.39
-4.77
-2.69
-2.07
-4.37
-4.09
-4.91
-4.99
-6.21
-3.81
-3.52
-4.47
-4.86
-2.73
-3.41
-2.98
-4.51
-5.98
-5.94
-6.79
-6.71
-4.20
-4.98
-5.46
-5.24
-6.30
-6.53
-7.63
-5.76
-6.48
-4.75
-1.19
-0.53
-3.05
-6.39
-5.35
-7.76
-7.71
-0.80
0.34
-3.78
-4.95
-3.56
-0.62
-4.54
-0.49
-3.13
-3.09
-2.85
-6.37
-2.57
-4.20
-4.31
-1.37
-0.16
-4.14
-1.76
-7.65
-8.21
-2.78
-1.97
-3.58
-2.48
-4.40
-5.43
-5.76
-3.56
-1.82
-6.54
-2.58
-2.91
-1.96
-4.91
-4.09
-4.48
-4.57
-1.30
-3.36
-4.49
-5.47
-4.15
-7.35
-5.34
-0.77
-7.74
-3.94
-4.80
-4.88
-4.63
-3.82
-5.44
-5.00
-4.05
-4.33
-4.83
-5.06
-4.91
-4.84
-5.32
-4.38
-6.73
-6.07
-5.16
-6.47
-6.10
-6.80
-0.96
-2.71
-7.72
-1.04
-0.16
-3.41
-3.08
-3.54
-5.62
-2.62
1.08
-2.65
-6.50
-1.87
-0.23
-4.08
-3.94
-6.03
-6.91
-5.65
-5.04
-7.59
-1.39
-6.26
-6.80
-3.79
-1.13
0.18
-0.84
0.92
-6.78
-3.85
-3.13
-0.62
-3.54
-4.14
-2.19
-5.03
-2.52
-5.06
-3.66
-1.36
-6.99
0.99
-3.12
-5.10
-0.15
-8.26
0.04
-4.09
-5.52
0.21
-6.39
-2.24
-1.15
-0.98
-4.68
-4.47
-3.23
-2.27
-3.48
-1.73
-2.05
-2.51
-6.44
-1.76
-2.43
-2.08
0.97
-2.75
-1.34
-2.95
