0.72
5.69
1.99
1.70
4.22
0.34
4.13
0.48
0.48
1.36
2.34
0.36
-0.44
0.41
0.22
1.21
0.54
1.87
2.03
-1.11
0.72
0.92
0.41
2.26
1.71
2.34
0.55
0.85
2.17
3.37
-0.04
2.69
1.86
1.89
2.42
2.81
1.63
0.58
1.38
-0.85
1.40
2.83
1.50
1.55
1.40
-0.35
3.31
0.48
5.25
0.43
4.47
0.63
2.09
1.26
0.41
1.96
3.74
1.88
4.54
-1.50
2.68
0.28
1.15
3.13
3.57
2.56
3.52
-0.28
1.61
-0.18
-0.14
0.19
0.60
3.46
3.46
2.82
-1.85
2.19
-0.15
-1.05
-1.51
-0.52
-0.37
0.01
1.03
1.32
0.43
0.91
-1.35
1.65
0.39
-0.09
4.57
3.00
3.03
1.08
1.20
1.48
1.69
1.65
2.10
-0.81
-2.28
1.16
1.66
0.63
5.23
2.57
6.51
1.68
-0.05
-0.77
0.05
-0.81
3.85
1.00
1.47
1.66
1.91
3.82
1.89
0.63
-0.55
0.80
2.03
0.32
1.02
2.75
0.14
0.66
3.28
4.63
2.96
1.67
4.31
0.62
1.56
2.82
0.04
0.21
3.09
3.09
2.23
1.50
2.00
1.79
4.45
5.12
1.80
3.45
0.80
0.16
0.88
1.27
4.22
1.25
3.32
2.86
1.25
3.15
2.85
2.81
2.80
1.58
1.40
1.68
2.21
5.17
3.20
1.16
0.76
1.04
0.45
1.87
3.07
2.90
4.56
0.09
3.40
-0.41
-0.66
0.49
-0.64
-3.10
2.14
3.66
2.07
-1.40
3.56
2.20
1.02
3.86
2.52
0.65
3.41
4.15
1.85
6.46
2.70
2.54
-0.02
2.12
2.23
4.81
2.53
2.57
2.10
2.12
0.89
1.75
1.30
5.72
3.82
2.60
1.24
3.52
-0.26
-2.07
2.36
1.35
1.04
-1.37
0.08
4.13
1.12
0.12
1.37
1.10
1.68
2.71
1.18
-0.92
3.69
0.76
1.18
1.29
0.41
2.39
0.84
2.10
2.42
2.46
0.56
3.08
2.37
2.27
4.48
2.31
1.28
2.20
3.72
-1.58
-0.46
3.25
0.06
4.45
1.39
1.30
2.44
-1.88
3.03
0.40
3.57
2.24
0.18
2.06
1.78
0.41
2.33
1.55
4.20
1.80
1.36
1.50
0.92
0.66
0.80
0.40
4.41
2.74
0.46
0.13
2.40
0.83
3.34
2.80
0.95
1.95
0.51
1.51
0.09
2.30
2.03
3.86
2.48
2.63
0.23
2.15
2.39
2.80
3.06
0.82
-3.21
2.81
0.40
3.27
1.41
-0.97
-0.66
0.03
1.44
2.69
1.14
5.07
1.37
1.68
1.15
1.88
-0.47
0.64
1.28
1.24
0.75
1.18
1.29
2.30
2.62
2.02
0.26
-0.77
2.31
2.02
1.81
-0.96
0.99
1.44
4.29
0.83
2.30
-2.54
1.75
1.36
1.65
2.36
2.62
0.85
2.08
2.03
2.59
1.56
3.40
1.11
3.57
2.61
1.75
3.72
1.34
1.66
2.25
1.38
0.57
2.94
3.51
2.55
1.68
2.94
2.72
0.23
3.87
3.86
-1.48
1.04
0.71
1.28
2.01
1.47
1.17
1.40
1.94
3.31
1.35
4.78
2.62
1.76
2.37
4.41
1.79
-0.49
3.05
4.10
5.13
2.75
-0.60
2.40
3.02
1.70
1.59
1.37
2.54
1.41
2.97
3.90
2.70
-0.72
1.46
1.16
0.73
1.32
1.38
1.96
1.09
2.30
1.38
5.11
3.88
1.96
6.51
1.44
-3.89
1.60
2.87
3.23
1.43
0.72
0.73
0.46
1.58
1.88
1.32
1.31
0.67
1.30
4.09
-1.35
3.38
3.68
1.67
1.41
-0.13
2.94
2.78
1.66
1.89
1.20
2.64
1.82
2.57
2.75
2.28
2.47
2.28
2.25
1.18
4.10
3.10
2.20
3.47
7.38
5.69
1.23
2.05
4.36
4.22
4.19
-0.36
1.47
3.08
2.29
1.96
4.45
8.65
-0.64
-0.85
-0.38
2.03
2.64
2.68
2.96
0.35
1.22
1.26
2.26
2.73
1.03
1.86
4.14
1.59
-2.75
1.40
1.43
1.63
2.94
0.35
3.66
0.35
1.38
1.49
-0.33
-0.30
2.09
0.25
3.85
3.75
-0.54
-0.99
0.36
0.93
0.39
0.91
1.98
1.70
2.16
2.53
-1.43
1.58
1.58
0.91
-0.82
3.92
0.61
2.59
-0.13
1.00
3.05
4.09
4.60
5.41
6.11
6.41
7.17
-1.08
2.46
-0.07
-0.78
3.38
1.17
-1.59
1.80
0.84
0.77
-0.55
3.08
2.58
1.46
2.88
3.79
1.73
0.74
2.36
4.00
0.98
3.66
1.98
3.58
3.37
4.78
4.81
2.03
1.96
4.22
1.96
1.20
0.58
3.18
1.98
2.68
1.53
2.80
3.13
0.31
1.98
0.73
0.91
0.91
2.73
0.15
-1.01
2.82
1.93
0.93
0.88
1.17
1.19
3.05
2.37
1.21
1.26
2.04
0.05
1.37
1.55
1.39
2.83
3.92
2.46
1.47
1.73
2.03
1.94
1.47
1.42
-1.73
2.75
1.09
1.81
3.77
-1.16
-0.76
0.40
3.93
3.28
1.76
1.74
2.07
1.48
1.51
0.76
1.47
1.25
0.81
1.31
1.74
5.12
4.13
3.72
3.69
3.22
3.06
2.15
0.14
0.91
3.10
4.23
2.70
3.40
3.04
0.12
-1.22
0.71
-0.70
1.45
2.88
2.88
3.31
1.40
1.39
2.37
2.80
1.78
2.07
0.97
3.18
1.56
1.54
2.47
2.32
2.15
3.05
2.05
2.02
2.09
1.10
1.28
1.74
2.71
3.90
2.50
5.50
2.82
3.42
0.45
1.90
2.18
2.00
3.22
3.36
1.37
4.58
-0.35
2.74
2.66
2.66
1.93
-0.63
2.17
3.09
3.12
3.06
4.11
1.80
0.84
4.56
1.56
0.61
4.23
2.58
0.77
5.10
5.53
0.25
0.87
1.24
4.72
0.53
0.59
1.43
6.25
2.36
0.17
2.99
3.42
2.73
4.11
5.17
1.47
0.45
0.84
1.40
2.35
2.33
4.00
2.99
1.87
2.06
2.40
3.50
4.18
3.81
5.16
6.03
2.63
1.43
2.52
0.09
2.35
1.02
2.20
2.86
-0.82
1.11
2.64
2.26
2.11
3.58
-2.16
1.19
1.49
1.98
2.31
2.49
1.94
1.94
3.31
4.37
1.70
1.41
0.15
1.18
1.98
4.36
2.38
2.27
-1.05
2.52
0.93
0.63
2.04
2.10
0.48
1.53
2.53
2.48
0.64
-0.38
-0.89
2.74
1.61
0.44
-0.34
-0.34
1.79
0.03
0.12
-2.96
-3.05
0.05
-0.70
0.97
-0.32
-0.62
-0.27
0.08
0.84
0.83
1.16
0.93
0.78
1.58
1.16
0.83
1.83
1.70
1.47
1.49
1.82
1.58
-1.05
1.95
3.92
2.86
2.84
3.23
0.46
-0.59
0.79
1.39
-1.72
1.76
1.89
3.05
1.61
4.83
1.62
4.12
0.25
-0.94
-0.15
-1.12
-1.34
3.79
6.25
-0.67
1.91
3.00
-0.03
-0.03
4.42
-1.47
-3.82
3.37
2.52
1.16
1.49
4.14
0.90
-4.20
1.48
1.87
2.11
0.95
0.62
1.96
-1.70
-1.24
1.16
1.63
0.38
3.39
4.45
0.16
0.28
-1.37
2.00
2.40
1.42
0.73
0.97
0.74
1.42
1.72
1.78
3.01
1.56
2.92
3.05
2.30
1.10
1.09
2.29
1.92
1.52
0.95
2.16
2.62
3.18
3.47
3.56
3.97
4.10
4.14
-2.29
-1.69
-1.64
-0.81
1.41
2.54
-1.43
1.09
3.05
1.73
2.55
2.95
3.80
0.35
1.32
1.92
2.87
0.82
4.75
0.73
1.04
1.80
-0.53
0.56
0.53
-0.85
0.79
2.64
-0.21
1.29
2.84
2.68
2.65
-0.17
1.86
1.28
4.57
3.21
2.77
4.38
4.57
3.84
3.57
4.00
3.00
1.22
4.10
2.47
3.04
1.74
2.19
2.88
1.38
-0.17
3.45
3.52
3.72
-0.38
-0.48
0.99
1.21
0.25
2.22
2.21
4.55
2.39
2.24
3.46
6.10
1.53
2.76
2.47
-0.24
-0.27
1.01
1.55
0.10
2.16
3.09
2.09
-2.49
-1.34
3.53
2.78
1.68
4.24
3.42
3.28
1.96
2.25
2.83
1.39
1.95
3.66
5.01
4.79
3.50
0.18
-0.38
-0.01
1.63
1.61
2.00
0.23
2.39
1.12
0.34
-0.32
1.21
1.21
0.56
2.75
2.58
1.15
0.96
1.32
2.40
1.20
0.91
-0.29
4.56
2.64
2.64
1.81
2.28
2.27
2.43
2.47
5.71
0.51
4.88
3.45
6.10
6.16
3.83
5.20
5.20
6.50
6.50
3.81
6.91
6.02
4.78
4.13
5.08
1.87
1.94
2.68
0.44
0.29
0.43
0.93
1.62
2.98
-0.90
2.18
2.13
2.25
4.14
-1.69
-1.76
5.04
2.42
-0.29
-3.69
-1.87
5.73
3.25
2.65
2.34
0.59
-1.52
-3.05
2.03
-3.10
0.83
1.92
2.02
2.35
2.92
1.84
3.42
4.25
4.15
0.63
1.78
1.15
0.87
1.51
2.49
1.77
-0.17
0.84
-0.86
0.84
1.29
-0.33
-0.23
3.61
2.95
2.12
2.16
2.19
1.60
3.48
2.10
2.75
1.83
1.90
2.60
2.62
8.35
0.12
3.08
2.21
2.11
2.75
2.97
3.11
3.08
-0.59
0.40
1.85
1.37
1.46
2.30
2.45
2.37
-0.19
1.88
1.71
3.19
2.85
-0.44
3.87
-0.70
3.13
3.32
3.36
1.47
3.87
1.94
2.73
-0.62
-2.26
3.40
2.39
1.85
1.39
0.67
1.83
0.35
2.19
2.11
1.34
2.95
2.53
2.16
2.27
4.89
5.18
3.00
2.90
1.49
1.44
-0.17
2.78
1.47
3.43
7.64
2.95
1.81
7.54
4.01
3.23
3.69
1.62
0.82
1.31
1.15
1.54
-1.70
-1.44
-3.07
-3.69
-2.04
0.31
-1.31
1.46
0.23
2.47
1.68
1.53
2.32
1.49
0.37
1.39
4.38
2.52
2.92
3.08
2.76
2.78
2.37
1.80
1.91
2.21
2.13
2.06
1.71
1.77
1.54
2.10
1.26
1.30
3.53
2.62
3.06
1.77
2.15
2.07
2.41
1.95
2.14
3.83
1.65
1.47
-1.53
1.12
1.60
2.52
3.02
-0.21
-2.78
1.61
-0.96
0.89
1.91
0.85
1.41
3.50
2.07
2.10
2.24
1.97
1.32
2.40
3.55
3.67
1.12
0.62
3.20
1.03
3.30
2.34
0.79
2.88
-0.95
0.95
4.31
2.30
-0.73
1.68
1.69
4.78
-0.41
4.14
4.14
4.73
2.52
1.20
2.45
4.49
3.14
3.06
2.42
2.38
1.80
2.53
2.74
-0.89
3.13
-1.06
-1.06
-1.76
0.36
0.83
-0.37
3.27
2.84
3.57
3.04
3.57
3.56
-5.08
-0.62
1.16
1.63
-0.29
2.73
3.34
1.15
2.01
-0.31
-1.22
-0.09
0.89
0.24
-2.91
2.12
2.31
0.85
1.49
4.42
6.06
3.45
1.86
-0.09
2.90
3.14
3.09
3.27
-0.49
-0.60
3.98
5.54
1.91
3.39
0.36
-1.72
0.65
0.11
0.26
2.05
0.85
2.70
1.91
1.28
1.66
2.29
3.27
2.83
4.11
8.06
2.33
1.32
1.40
1.39
1.21
1.56
3.55
3.17
2.36
0.06
3.93
2.24
1.76
-0.92
3.99
3.43
1.90
1.25
-0.42
-0.62
3.08
-2.94
1.28
2.31
1.04
0.86
2.99
1.61
0.33
1.92
1.60
1.90
1.72
2.19
3.55
-2.74
3.69
1.88
0.77
7.60
-2.31
0.72
4.55
2.32
5.54
5.03
4.88
5.19
1.37
4.88
2.43
1.22
-0.25
0.36
2.86
0.99
1.88
2.86
3.25
3.54
3.23
1.20
1.88
2.07
5.07
3.32
1.01
4.22
-1.20
1.20
1.22
1.54
3.08
-1.46
2.90
0.48
2.66
3.23
5.18
2.28
3.21
-0.19
1.89
1.89
-0.46
1.90
3.56
0.83
4.21
0.24
1.57
2.73
3.93
1.09
0.21
1.54
0.41
2.77
3.40
0.70
-0.36
3.91
-1.98
-2.10
4.01
1.31
2.58
-2.26
0.68
-2.29
3.20
0.50
0.16
0.06
1.88
1.11
2.22
2.88
2.54
3.13
0.77
5.08
2.90
-1.30
-0.39
-0.16
-0.36
-0.68
0.24
4.57
4.50
2.98
-0.93
3.23
2.55
0.39
0.36
1.34
5.97
2.53
6.42
3.05
3.68
3.57
2.07
3.85
7.11
-1.30
-0.35
-1.78
-1.87
0.86
0.50
3.75
1.95
-0.83
-0.57
2.86
2.47
3.04
2.43
-1.51
0.08
2.34
1.82
1.61
-0.03
6.51
4.01
-0.82
0.68
0.80
1.94
4.54
0.47
7.05
2.72
1.95
-0.06
1.22
-1.70
2.70
2.01
-0.49
2.86
3.37
3.42
4.68
8.46
-0.13
3.05
-1.44
3.35
0.75
2.73
2.07
3.16
0.42
-4.22
1.41
2.30
1.20
-2.00
0.89
0.61
1.42
1.41
-3.21
0.46
0.74
-3.10
-1.26
-0.59
3.88
8.23
8.23
2.18
2.93
0.84
0.06
2.74
0.77
-2.95
3.99
-1.88
4.46
4.10
1.05
0.63
3.14
0.61
1.77
1.98
2.20
-0.43
2.69
2.69
1.76
3.32
2.72
2.10
3.08
2.53
2.45
1.79
4.30
1.05
-0.40
7.64
4.26
5.13
4.64
2.02
1.15
1.76
0.84
2.04
1.19
1.74
0.14
1.38
0.46
2.36
1.61
-3.17
-3.64
-3.32
-3.19
1.20
1.05
-0.37
0.75
0.88
1.69
-1.16
1.49
1.42
2.95
1.16
1.81
0.66
2.10
2.74
2.95
0.30
4.29
-0.13
3.80
3.80
3.51
2.67
-0.10
3.30
-0.14
1.90
2.08
2.05
3.09
0.61
0.73
2.03
2.13
2.58
-0.69
-1.72
0.25
0.89
4.81
0.33
0.21
3.74
0.70
0.78
0.78
2.56
1.45
-1.31
0.58
2.01
1.28
1.72
2.17
1.41
4.79
1.76
1.58
4.25
8.39
5.76
1.36
0.65
3.07
0.65
4.55
0.77
-0.72
0.35
-1.05
1.04
-1.40
-3.17
-1.80
-1.70
-2.14
2.67
2.46
2.24
0.77
2.19
2.07
1.41
3.72
-0.28
-0.28
-0.28
-0.10
1.56
2.59
4.54
2.05
2.65
2.87
2.35
1.96
1.77
-0.96
-2.28
-1.36
-1.36
-1.36
-1.36
1.43
1.84
-1.46
3.27
1.53
1.20
3.69
3.01
0.93
-0.70
1.76
-1.64
3.74
2.18
1.82
3.09
3.79
2.03
2.41
3.18
1.92
-2.11
3.25
1.94
2.18
2.32
2.86
2.74
1.69
0.23
2.52
2.88
2.65
1.89
4.11
2.80
2.27
1.33
2.08
2.90
1.92
-0.24
1.65
3.02
0.71
2.05
2.05
-1.36
-1.36
-1.36
-1.36
-1.36
-1.36
0.58
2.30
1.78
1.28
1.41
-0.77
0.20
2.01
1.28
3.70
-0.60
-1.00
2.35
1.96
1.46
1.95
4.40
4.31
4.31
1.18
2.24
3.44
1.08
0.93
1.83
1.33
1.60
2.00
1.71
1.28
-0.97
4.61
3.59
3.28
2.26
4.38
1.75
0.77
0.25
2.06
1.13
2.10
1.28
3.30
1.46
3.10
2.29
1.86
1.38
2.38
-0.29
2.03
2.78
4.42
-0.34
4.26
-0.66
0.35
1.94
1.10
2.81
0.10
0.87
1.75
4.26
1.94
2.91
3.43
-0.96
2.15
2.11
2.26
-3.21
3.15
1.90
3.21
1.23
1.27
1.28
2.09
-3.21
0.23
0.09
1.57
1.50
0.46
1.21
1.16
-4.64
2.76
-0.40
2.18
-1.31
1.33
1.86
0.50
1.53
1.03
2.90
0.91
2.18
0.35
1.68
1.82
-2.94
2.07
4.62
2.82
3.20
1.27
1.96
4.06
1.70
0.58
2.15
0.93
2.36
0.86
0.22
2.95
2.70
1.54
3.07
1.47
0.93
2.11
1.89
4.20
4.05
0.36
2.19
1.71
0.54
2.13
1.31
1.90
3.72
3.94
-1.20
1.92
1.42
0.36
2.27
-1.78
1.96
2.03
-0.29
3.24
0.78
0.43
0.43
0.48
0.23
0.26
-3.17
1.04
1.23
-1.87
-1.87
-1.52
0.93
2.93
-0.95
3.26
4.45
-0.77
1.28
3.85
2.15
-2.94
-2.94
-2.54
-3.17
-3.05
-3.32
-2.68
-1.70
-1.52
-4.20
-3.19
1.64
0.30
1.98
4.23
0.41
4.78
0.06
1.51
3.30
1.75
1.85
0.10
0.85
1.17
2.58
1.21
2.33
2.51
1.74
1.33
2.47
3.05
7.54
1.96
0.21
0.63
3.30
3.09
0.06
1.34
2.20
1.81
1.54
-2.92
2.10
0.09
4.82
1.64
0.98
1.33
-0.05
-0.02
3.14
1.96
1.75
3.48
4.60
1.41
3.15
2.86
3.69
3.32
-1.87
2.02
1.30
-0.72
0.59
0.63
-3.17
-0.60
1.81
1.20
1.03
2.19
0.46
1.69
1.51
0.23
0.35
2.08
0.40
3.23
1.38
1.38
3.91
5.14
4.44
0.77
-1.58
0.34
2.88
-0.07
3.70
1.97
-0.74
1.61
3.33
3.09
0.40
1.62
-3.21
0.62
1.85
-0.53
3.05
4.20
3.99
1.94
1.23
0.44
1.18
0.01
1.12
1.50
2.54
0.07
1.33
-0.73
0.35
-0.06
5.18
5.18
1.14
-0.80
5.41
5.50
0.96
2.44
3.48
3.92
2.96
1.15
1.12
5.49
6.51
2.60
1.87
3.93
0.46
-1.36
0.69
1.35
4.59
2.74
0.93
-2.63
1.87
1.28
1.28
4.64
2.33
0.62
2.25
1.61
1.72
1.93
1.21
2.65
4.60
-1.16
0.33
2.26
-0.65
-3.03
-2.95
0.67
-2.55
1.46
4.38
4.38
4.40
0.45
2.50
0.61
1.76
-0.36
0.88
2.60
3.94
4.31
2.89
3.28
3.61
3.69
4.52
2.26
1.70
2.69
3.16
0.50
1.33
3.00
2.69
3.57
2.56
1.60
0.79
3.13
2.90
1.83
2.09
0.37
-0.08
1.94
0.46
0.46
-0.21
-0.70
0.05
1.79
3.09
3.64
3.43
2.84
2.75
3.33
3.62
1.90
0.46
1.69
2.82
-1.33
0.62
2.87
1.65
0.83
2.77
3.99
0.49
1.78
1.16
0.83
4.44
-3.05
2.39
3.12
3.48
-3.05
2.96
0.44
0.71
0.52
0.74
0.62
3.55
3.20
4.37
1.56
0.98
1.83
2.60
-0.54
0.74
0.67
3.83
0.85
2.58
1.74
1.96
1.56
2.82
4.57
0.33
1.39
3.75
-0.61
4.36
3.86
1.87
4.51
0.57
2.37
3.02
1.94
1.90
1.54
0.26
-0.94
0.75
0.88
0.94
0.46
0.88
1.16
4.66
2.95
-1.37
3.42
0.21
-2.89
-0.21
3.69
0.57
4.22
-1.41
1.36
0.97
1.67
3.00
0.77
-2.49
3.05
-0.96
1.53
3.15
0.38
4.77
5.18
4.18
3.45
1.96
3.87
2.45
-1.04
1.21
-0.35
0.95
1.48
3.42
3.42
0.63
3.42
3.05
7.64
0.92
1.40
2.20
3.35
1.84
2.11
1.86
1.16
1.42
3.66
3.63
2.90
0.29
2.93
3.20
2.47
3.31
4.06
2.92
2.23
-1.16
1.45
0.64
2.68
2.09
1.42
0.20
1.23
4.81
4.88
5.74
2.01
1.58
0.14
3.60
1.08
2.37
1.24
0.00
0.66
2.21
2.91
1.13
1.46
1.23
0.33
4.42
1.82
1.58
2.13
4.59
4.53
2.27
0.89
2.75
0.45
1.81
2.28
2.52
1.54
-0.85
0.01
2.73
1.95
1.75
2.91
2.27
3.09
3.90
-0.47
2.21
-1.98
2.77
1.64
1.88
-0.02
0.89
-0.92
0.32
8.06
-0.03
2.18
4.70
3.53
2.59
2.09
-1.05
0.56
1.64
2.69
0.73
1.64
4.91
1.28
3.80
-1.89
1.70
4.80
2.30
1.98
4.03
1.24
3.32
2.71
2.73
4.66
2.19
1.00
-2.05
3.39
3.15
4.45
7.20
0.75
1.85
3.85
-2.63
0.47
0.98
0.69
3.48
-0.04
1.76
2.44
2.48
4.55
3.35
3.35
5.15
4.60
4.67
4.50
4.38
4.50
5.56
5.56
4.90
2.10
3.39
3.82
3.99
3.98
3.63
4.50
4.47
4.55
4.43
7.35
-1.53
1.06
2.83
1.55
3.13
2.88
2.84
3.20
1.95
-0.46
-0.17
-0.17
-0.17
-0.17
-0.17
-0.17
-0.17
-0.91
-0.10
1.78
2.64
2.30
-0.36
-2.26
2.89
1.95
2.60
-3.02
1.19
1.54
2.50
2.23
-1.05
0.40
0.61
0.24
2.05
2.92
2.99
4.10
2.19
-0.17
-0.72
-1.72
0.08
1.97
1.33
-0.48
-0.52
3.49
-0.54
-0.17
1.96
2.82
4.27
0.98
-2.10
-3.69
-1.52
-3.07
-0.13
2.59
1.82
3.79
0.12
2.45
5.18
5.18
4.18
-0.17
1.28
1.85
0.93
0.40
1.74
4.56
-1.05
-0.55
-1.44
-3.89
1.31
4.97
0.91
2.77
1.58
-1.05
-1.05
0.51
0.51
-1.78
0.51
1.82
-1.78
0.88
1.59
0.45
-0.28
3.77
-3.82
1.85
1.85
1.85
1.85
1.85
1.85
1.85
-2.04
5.25
1.94
0.97
1.91
-0.58
1.28
3.02
-1.77
-0.55
5.71
-1.72
1.55
2.87
2.05
2.65
1.96
1.81
1.81
1.81
1.81
0.73
0.62
1.92
2.64
2.88
2.44
-1.88
2.45
1.47
1.88
3.17
4.25
-0.31
-0.77
1.03
0.77
0.08
2.36
0.31
1.90
0.64
5.52
1.42
2.18
2.40
1.93
1.83
5.00
1.11
0.97
6.40
2.09
0.76
0.95
1.98
-1.05
0.91
2.34
0.91
0.08
0.80
-0.06
3.38
2.50
2.36
2.53
2.67
1.77
2.82
1.47
3.10
1.17
2.80
1.65
-0.16
2.31
2.24
1.87
0.86
5.40
5.77
5.78
6.44
7.11
5.15
2.63
3.33
0.53
-0.40
1.00
-0.57
4.34
2.37
2.39
4.42
4.66
7.11
7.71
1.77
1.75
5.09
7.64
8.39
7.11
-0.72
-0.92
6.01
-1.05
1.70
2.91
0.16
0.19
2.98
3.27
2.14
0.33
0.33
0.24
-0.55
2.48
2.06
-2.31
3.38
2.73
3.48
1.79
2.75
-1.36
-3.02
1.45
1.82
4.00
4.34
6.82
9.29
3.69
-2.96
-0.24
5.12
4.83
4.83
1.89
2.26
0.09
1.90
1.94
3.71
-0.52
1.66
1.02
1.82
4.72
-0.35
2.72
2.67
-2.54
2.83
-0.02
-0.46
0.33
3.18
1.81
1.50
2.88
-0.72
1.87
1.96
1.96
1.96
1.96
3.42
2.79
5.37
3.66
1.41
-3.89
-2.54
-3.64
-1.06
1.47
1.34
3.12
3.35
0.89
-2.10
-0.55
4.80
-0.55
3.19
0.64
0.91
2.28
8.65
2.15
4.01
2.26
4.92
3.67
-0.24
2.29
3.66
0.15
0.35
0.35
0.35
0.35
-0.59
-0.59
0.93
0.91
1.43
3.65
1.27
3.86
1.36
1.90
1.73
1.14
-1.30
-0.90
-0.55
2.14
0.46
0.73
2.53
3.15
-0.09
6.40
0.09
1.42
2.21
0.70
0.67
1.38
-0.17
4.20
0.35
0.35
-2.28
-2.28
-2.28
-0.17
-0.17
-0.17
-0.17
-0.17
-0.17
1.87
1.87
-1.72
-1.72
-1.72
-0.54
-0.54
-0.54
-0.54
-0.54
-0.54
-0.54
-0.54
7.64
7.64
-0.72
-0.72
-0.72
-0.81
2.26
2.26
1.81
-0.30
1.91
0.64
0.28
-1.20
1.91
1.71
6.07
0.37
1.39
-0.62
0.35
3.65
4.80
4.90
3.32
-0.68
-0.17
1.97
7.17
4.10
2.18
-0.67
-0.67
-0.67
2.40
0.12
-1.85
2.28
2.83
3.11
-0.24
-1.87
-2.78
3.90
-0.67
-4.22
-4.22
-3.07
-2.74
-2.74
1.56
3.16
1.54
0.31
0.63
0.63
2.18
2.64
-0.38
3.09
1.09
0.77
0.97
1.15
1.15
2.07
3.23
-0.72
2.60
1.88
-3.17
-1.06
0.03
0.09
-2.54
6.30
1.86
-1.40
1.39
2.42
3.05
4.09
4.42
6.11
1.54
1.20
0.98
0.23
2.10
0.87
2.24
-2.26
-2.26
1.41
2.24
2.10
2.73
1.59
1.00
1.76
4.81
0.06
-0.17
-0.17
0.36
0.57
1.93
-3.10
-2.96
1.24
1.47
2.87
0.91
-2.96
0.80
4.22
0.01
1.42
0.33
-0.55
3.05
3.18
3.44
1.85
2.41
1.83
3.39
3.09
-1.40
-0.17
3.72
1.54
1.91
4.80
2.77
1.94
-0.25
-3.69
0.26
0.05
-0.24
0.90
2.90
0.96
-0.01
1.82
-3.32
0.89
0.75
0.72
1.41
0.40
0.40
0.40
1.41
3.36
-0.24
2.05
0.26
4.30
1.33
-3.89
0.65
0.77
-0.55
1.89
-3.69
-1.43
2.90
0.37
2.86
2.65
1.46
-0.59
2.30
-3.69
-0.55
-2.96
0.89
1.15
1.20
0.93
-0.59
1.09
1.34
-1.34
5.08
0.26
3.13
0.25
0.41
0.55
1.07
1.93
4.70
2.11
2.78
1.53
0.23
1.10
4.20
0.06
3.85
0.35
-2.00
-1.36
-1.36
0.80
1.92
0.25
3.51
1.75
-1.36
2.68
2.59
-0.32
4.40
1.58
2.26
-1.72
2.73
1.31
-0.67
-2.96
10.20
2.57
4.40
2.55
1.07
3.17
1.71
2.98
2.69
2.61
3.94
2.99
2.80
1.14
2.19
-0.77
1.99
1.28
-2.04
2.80
1.99
-3.69
-3.02
1.55
0.35
0.23
3.20
2.82
0.93
0.62
0.84
1.85
1.53
1.53
1.48
-0.45
1.15
3.08
-3.89
-0.36
2.80
0.74
5.19
1.21
2.32
1.38
-0.09
3.15
1.33
4.47
5.23
-0.98
4.18
2.24
0.36
4.77
6.46
1.92
2.07
2.07
-4.22
-3.05
0.33
2.45
5.19
4.80
3.65
3.91
3.50
2.82
5.18
4.92
4.69
1.70
3.17
1.16
3.26
4.25
0.93
-0.45
0.61
3.36
3.30
2.02
3.91
3.03
6.30
2.32
0.12
0.63
4.49
0.35
3.20
0.78
0.10
-0.98
-2.00
2.13
4.21
1.88
0.79
0.40
5.19
0.31
4.14
2.34
2.18
1.87
1.87
2.05
2.20
2.15
2.86
3.02
2.65
2.87
2.68
3.13
-1.59
-0.23
0.79
1.12
4.36
3.15
2.41
3.01
5.90
1.35
4.63
1.81
1.29
4.81
2.84
1.83
2.11
1.39
2.81
1.13
3.44
1.83
1.37
1.34
2.92
3.15
2.03
3.96
1.02
2.82
-0.60
4.74
2.26
3.56
0.55
0.46
2.28
0.84
0.90
1.16
1.15
-4.20
2.05
-5.08
-1.53
0.88
-2.04
-5.08
-3.82
-2.94
-4.20
-3.17
-3.17
-3.17
-3.32
-3.19
-1.70
-2.94
-3.05
-2.94
-1.70
-3.69
-3.17
-2.96
0.26
1.83
1.74
2.27
2.52
2.06
2.90
0.48
1.81
3.26
0.89
1.83
2.69
-2.26
1.88
-2.95
2.72
0.63
2.82
-0.17
5.69
1.33
3.50
4.36
-1.64
5.25
1.18
0.88
-1.11
3.38
2.29
-0.09
-0.78
1.33
2.07
-0.62
4.74
2.78
0.79
-1.88
3.50
2.64
0.40
0.31
0.62
0.04
5.19
4.68
0.14
-0.75
1.87
0.88
3.00
0.40
-3.10
0.55
0.25
1.30
0.91
1.73
1.50
2.52
5.20
0.16
4.81
5.33
4.82
0.63
2.73
2.80
1.91
1.36
1.08
-1.98
-0.24
1.38
3.42
3.04
-1.78
1.01
4.01
2.10
0.65
2.29
5.23
-1.26
1.43
1.95
2.19
1.01
-1.05
1.81
3.18
-0.92
1.95
3.24
1.87
3.42
2.26
2.10
1.98
1.88
-3.32
-0.70
8.23
2.68
0.93
1.33
-2.04
5.12
3.08
0.58
2.44
3.41
-0.58
-0.17
3.79
0.63
0.63
0.73
1.50
1.16
2.64
-0.11
7.05
-0.60
2.39
-1.24
1.34
0.35
2.52
3.38
2.52
1.58
-0.17
-0.35
4.83
0.87
4.18
0.36
-0.96
1.17
2.43
-2.84
3.48
2.57
2.44
3.20
1.79
5.10
2.62
0.86
0.72
-0.72
-0.72
-0.17
-0.49
-0.75
0.39
1.52
1.13
1.80
-0.26
-2.95
2.72
1.60
5.07
2.29
2.44
1.38
1.78
2.60
2.91
-0.25
1.83
0.80
-0.54
0.19
-0.36
1.23
3.86
1.85
1.30
1.89
1.83
2.52
1.37
0.48
2.33
1.00
-0.66
1.73
1.23
1.70
1.21
4.12
2.98
1.70
1.15
4.63
2.07
0.83
2.52
1.46
2.20
1.98
3.33
2.33
1.57
2.32
3.02
-1.05
-3.21
-3.21
2.78
1.28
0.09
4.74
1.76
4.78
0.72
0.18
0.62
1.89
-2.10
1.85
3.53
7.11
1.25
0.65
3.09
1.96
1.19
1.36
2.04
2.28
3.92
4.17
7.45
-0.17
1.78
4.57
2.73
-1.61
0.70
0.23
1.29
-0.83
4.02
2.01
2.51
1.39
3.44
-0.04
3.70
-1.88
3.82
1.55
0.64
3.15
1.74
4.96
-3.70
-3.02
-3.10
2.73
2.73
3.52
0.55
1.90
4.63
0.81
0.56
4.85
1.43
2.64
1.60
-0.48
3.88
2.74
3.65
2.53
-0.12
2.31
1.50
1.94
-1.59
-0.54
1.64
2.21
3.25
3.87
0.09
5.80
5.15
2.26
-0.49
2.20
0.10
1.53
0.88
0.66
2.67
-0.32
1.96
3.78
-0.50
0.46
0.46
3.17
0.72
2.46
2.74
2.06
0.30
3.79
1.55
-1.87
2.68
0.89
-0.27
-0.08
0.93
3.32
0.33
0.95
-3.17
0.15
2.81
0.47
-0.02
2.72
-0.93
0.84
0.33
-1.16
-4.22
5.21
4.24
1.00
-1.20
1.86
1.35
-0.46
3.42
6.29
2.10
0.89
1.50
1.85
3.36
-0.24
0.43
2.56
-0.05
-3.89
-3.69
-1.44
-3.07
-3.32
1.92
2.68
1.15
1.95
2.13
-1.72
2.27
-1.05
2.40
1.10
1.00
2.61
3.66
2.06
2.93
2.76
4.81
3.39
2.54
2.12
4.00
2.60
3.37
2.25
-2.49
2.02
4.06
2.02
2.80
4.15
4.15
3.99
6.30
2.31
2.39
3.27
4.88
0.70
1.51
1.46
1.43
3.05
2.28
